MatchID|Team1ID|Team1|score_t1|mu_rel_suc_t1|std_rel_suc_t1|med_rel_suc_t1|HAteam01|Team2ID|Team2|score_t2|mu_rel_suc_t2|std_rel_suc_t2|med_rel_suc_t2|HAteam02
345527|361|newcastle_united|0|3.67320261438|6.27457788634|0.0|home|359|arsenal|1|7.41830065359|9.18624602689|5.0|away
345528|350|wigan_athletic|2|2.92810457516|7.07024010202|0.0|home|362|aston_villa|2|1.37254901961|3.45253975464|0.0|away
345529|363|chelsea|2|6.41830065359|14.6290133331|0.0|home|368|everton|1|10.0130718954|13.5149333663|4.0|away
345530|318|swansea_city|0|2.56209150327|4.49666552618|0.0|home|370|fulham|3|2.19607843137|5.39917546783|0.0|away
345531|383|west_bromwich_albion|5|5.50326797386|7.02946569898|1.0|home|360|manchester_united|5|12.1633986928|18.8237291202|1.0|away
345532|382|manchester_city|2|11.4052287582|11.2647509153|11.0|home|381|norwich_city|3|2.29411764706|4.13162892269|0.0|away
345533|364|liverpool|1|3.64052287582|10.6012789826|0.0|home|334|queens_park_rangers|0|1.19607843137|3.25808962737|0.0|away
345534|367|tottenham_hotspur|1|5.3660130719|11.5858554929|0.0|home|366|sunderland|0|1.41176470588|3.02393374881|0.0|away
345535|362|aston_villa|1|1.52287581699|3.89248474388|0.0|home|363|chelsea|2|8.56209150327|17.3068538561|0.0|away
345536|370|fulham|1|2.21568627451|6.44122869827|0.0|home|364|liverpool|3|3.13071895425|9.51070453701|0.0|away
345537|334|queens_park_rangers|1|1.35294117647|3.45743602956|0.0|home|361|newcastle_united|2|4.11111111111|5.91503629076|0.0|away
345538|360|manchester_united|2|13.3594771242|18.5192407907|7.0|home|318|swansea_city|1|1.9477124183|4.00292515539|0.0|away
345539|336|stoke_city|1|7.81699346405|11.1398935166|2.0|home|367|tottenham_hotspur|2|3.92810457516|10.0781940072|0.0|away
345540|381|norwich_city|4|2.52287581699|4.10337811944|0.0|home|383|west_bromwich_albion|0|5.80392156863|7.16295738348|1.0|away
345541|368|everton|2|12.1503267974|15.6626074181|4.0|home|371|west_ham_united|0|2.01960784314|6.90597031488|0.0|away
345542|359|arsenal|4|7.86928104575|9.09549397197|5.0|home|350|wigan_athletic|1|4.28758169935|7.70423294449|0.0|away
345543|334|queens_park_rangers|0|1.66013071895|3.61761015739|0.0|home|359|arsenal|1|5.59477124183|7.69214683862|3.0|away
345544|381|norwich_city|1|1.81699346405|3.83897778554|0.0|home|362|aston_villa|2|1.77124183007|4.36189191432|0.0|away
345545|360|manchester_united|0|13.7320261438|18.6978054481|7.0|home|363|chelsea|1|10.1633986928|18.8327546385|0.0|away
345546|364|liverpool|0|6.90849673203|14.0667686443|0.0|home|368|everton|0|12.1699346405|15.6145528105|5.0|away
345547|318|swansea_city|0|3.22875816993|4.86752172454|0.0|home|382|manchester_city|0|10.3006535948|10.6120445612|8.0|away
345548|371|west_ham_united|0|2.01960784314|6.90597031488|0.0|home|361|newcastle_united|0|6.43137254902|8.32490923689|4.0|away
345549|366|sunderland|1|2.2614379085|4.04027314457|0.0|home|336|stoke_city|1|6.98692810458|10.3551237219|1.0|away
345550|383|west_bromwich_albion|2|5.45098039216|6.82454353519|1.0|home|350|wigan_athletic|3|4.67973856209|7.58796225435|0.0|away
345551|368|everton|1|12.2679738562|15.6133873075|5.0|home|370|fulham|0|1.84967320261|6.10236345709|0.0|away
345552|361|newcastle_united|0|3.96078431373|7.39888911724|0.0|home|364|liverpool|6|7.54248366013|14.1832023118|1.0|away
345553|359|arsenal|1|6.61437908497|8.10561346923|4.0|home|360|manchester_united|1|14.7647058824|17.6482570399|8.0|away
345554|336|stoke_city|1|8.01960784314|11.7753873079|3.0|home|381|norwich_city|0|1.33333333333|3.44328464556|0.0|away
345555|362|aston_villa|6|1.77124183007|4.36189191432|0.0|home|366|sunderland|1|2.34640522876|4.12282069417|0.0|away
345556|363|chelsea|2|11.1633986928|18.417971302|3.0|home|318|swansea_city|0|3.11764705882|4.91754385857|0.0|away
345557|350|wigan_athletic|2|6.3660130719|9.05737098013|0.0|home|367|tottenham_hotspur|2|4.86928104575|11.546265452|0.0|away
345558|382|manchester_city|2|12.4248366013|10.7184361424|12.0|home|371|west_ham_united|1|2.01960784314|6.90597031488|0.0|away
345559|370|fulham|0|1.76470588235|4.84095370321|0.0|home|359|arsenal|1|6.20261437908|8.12271846468|3.0|away
345560|360|manchester_united|3|13.8888888889|16.6307674376|9.0|home|362|aston_villa|0|1.22222222222|3.87588863472|0.0|away
345561|364|liverpool|2|8.3137254902|14.0156171476|3.0|home|363|chelsea|2|10.5490196078|17.9716338495|1.0|away
345562|366|sunderland|1|1.56209150327|3.1763629988|0.0|home|368|everton|0|10.1045751634|14.1943390164|4.0|away
345563|367|tottenham_hotspur|3|4.37908496732|9.12441709908|0.0|home|382|manchester_city|1|10.9150326797|10.9514362996|10.0|away
345564|383|west_bromwich_albion|1|4.75816993464|6.69018024298|0.0|home|361|newcastle_united|1|3.62091503268|7.28505187779|0.0|away
345565|334|queens_park_rangers|0|1.11111111111|3.24300263424|0.0|home|336|stoke_city|2|8.45098039216|11.9666973491|2.0|away
345566|371|west_ham_united|2|2.01960784314|6.90597031488|0.0|home|350|wigan_athletic|0|6.40522875817|8.85278133504|1.0|away
345567|362|aston_villa|1|0.718954248366|2.60832632672|0.0|home|370|fulham|1|2.15032679739|6.4542343013|0.0|away
345568|336|stoke_city|0|7.56862745098|11.5417767495|1.0|home|360|manchester_united|2|11.137254902|16.1034477791|3.0|away
345569|359|arsenal|3|5.05882352941|7.59965194776|0.0|home|381|norwich_city|1|1.28104575163|3.4040681474|0.0|away
345570|368|everton|2|9.18954248366|13.362591249|2.0|home|334|queens_park_rangers|0|0.790849673203|2.78805480664|0.0|away
345571|361|newcastle_united|0|3.30065359477|5.91120014502|0.0|home|366|sunderland|3|2.04575163399|3.82003639116|0.0|away
345572|350|wigan_athletic|2|4.81045751634|7.58201486835|0.0|home|318|swansea_city|3|3.22875816993|4.86752172454|0.0|away
345573|363|chelsea|2|8.56209150327|17.3068538561|0.0|home|367|tottenham_hotspur|2|5.22222222222|11.5148226282|0.0|away
345574|382|manchester_city|1|8.66666666667|10.727766185|2.0|home|383|west_bromwich_albion|0|5.37254901961|6.55482893685|1.0|away
345575|383|west_bromwich_albion|1|4.20261437908|6.42641554013|0.0|home|359|arsenal|2|4.64052287582|7.03642658407|1.0|away
345576|336|stoke_city|1|7.81699346405|11.1398935166|2.0|home|362|aston_villa|3|1.27450980392|3.87422401105|0.0|away
345577|367|tottenham_hotspur|2|1.77777777778|5.20460105925|0.0|home|368|everton|2|7.50980392157|12.7485063316|0.0|away
345578|361|newcastle_united|1|3.73202614379|5.8376807732|0.0|home|370|fulham|0|2.57516339869|6.6309758452|0.0|away
345579|360|manchester_united|1|12.2091503268|15.7826965707|8.0|home|382|manchester_city|2|12.4248366013|10.7184361424|12.0|away
345580|363|chelsea|2|10.3267973856|18.0344007025|0.0|home|366|sunderland|1|2.67973856209|4.25595099665|0.0|away
345581|381|norwich_city|2|1.15032679739|3.30333806578|0.0|home|318|swansea_city|2|2.00653594771|4.13418196858|0.0|away
345582|364|liverpool|0|8.24183006536|14.0508070355|3.0|home|371|west_ham_united|0|1.6339869281|5.81832987513|0.0|away
345583|334|queens_park_rangers|1|1.02614379085|3.28583355073|0.0|home|350|wigan_athletic|1|6.40522875817|8.85278133504|1.0|away
345584|362|aston_villa|1|1.71895424837|4.34080429332|0.0|home|364|liverpool|2|8.40522875817|13.9679548793|3.0|away
345585|366|sunderland|0|2.8954248366|4.23518316646|0.0|home|360|manchester_united|1|8.24836601307|12.2390572951|0.0|away
345586|382|manchester_city|4|12.1568627451|10.6667387541|12.0|home|361|newcastle_united|0|2.32679738562|4.80988913948|0.0|away
345587|350|wigan_athletic|1|6.40522875817|8.85278133504|1.0|home|381|norwich_city|0|1.45751633987|3.46973267152|0.0|away
345588|370|fulham|3|2.88888888889|6.6613268375|0.0|home|334|queens_park_rangers|2|1.02614379085|3.28583355073|0.0|away
345589|368|everton|1|7.50980392157|12.7485063316|0.0|home|336|stoke_city|0|8.45098039216|11.9666973491|2.0|away
345590|318|swansea_city|1|1.94117647059|4.19342045191|0.0|home|367|tottenham_hotspur|2|6.0522875817|11.6269862171|0.0|away
345591|371|west_ham_united|3|1.83660130719|5.88612805515|0.0|home|383|west_bromwich_albion|1|5.43137254902|6.97311804291|0.0|away
345592|318|swansea_city|0|2.50980392157|4.57060463822|0.0|home|359|arsenal|2|6.21568627451|8.17451897525|3.0|away
345593|367|tottenham_hotspur|0|3.58823529412|8.1645891009|0.0|home|370|fulham|1|2.44444444444|6.50880639127|0.0|away
345594|368|everton|2|7.33333333333|11.2435893136|1.0|home|382|manchester_city|0|8.2614379085|10.5028917536|2.0|away
345595|350|wigan_athletic|2|6.67973856209|8.83594382053|1.0|home|361|newcastle_united|1|3.11764705882|6.96014910109|0.0|away
345596|366|sunderland|1|3.21568627451|4.44419453354|0.0|home|381|norwich_city|1|1.71895424837|3.91153400251|0.0|away
345597|362|aston_villa|3|1.35294117647|4.04140431853|0.0|home|334|queens_park_rangers|2|1.35294117647|4.5725389298|0.0|away
345598|336|stoke_city|0|9.56209150327|12.5003686562|3.0|home|383|west_bromwich_albion|0|5.75816993464|7.3235461818|0.0|away
345599|363|chelsea|2|10.8104575163|18.5369271568|2.0|home|371|west_ham_united|0|1.50980392157|5.46900672902|0.0|away
345600|370|fulham|0|1.88888888889|6.06560597876|0.0|home|363|chelsea|3|8.44444444444|16.3794422758|0.0|away
345601|359|arsenal|0|6.20261437908|8.12271846468|3.0|home|368|everton|0|9.55555555556|14.2663225581|2.0|away
345602|371|west_ham_united|2|2.13725490196|7.11351362721|0.0|home|360|manchester_united|2|14.614379085|16.8934083069|10.0|away
345603|361|newcastle_united|2|2.28758169935|4.64092790279|0.0|home|336|stoke_city|1|7.86274509804|12.2143485876|0.0|away
345604|334|queens_park_rangers|3|1.39215686275|4.71714338908|0.0|home|366|sunderland|1|2.51633986928|4.17447045706|0.0|away
345605|383|west_bromwich_albion|2|6.06535947712|7.80285954171|0.0|home|318|swansea_city|1|2.46405228758|4.50566258653|0.0|away
345606|364|liverpool|3|5.74509803922|10.8763276024|1.0|home|367|tottenham_hotspur|2|3.62091503268|8.81991695598|0.0|away
345607|382|manchester_city|1|10.522875817|10.1903997929|10.0|home|350|wigan_athletic|0|6.40522875817|8.85278133504|1.0|away
345608|367|tottenham_hotspur|2|5.77124183007|10.8438089514|0.0|home|359|arsenal|1|4.13071895425|6.41046204779|0.0|away
345609|366|sunderland|2|2.97794117647|4.46467657706|0.0|home|370|fulham|2|2.44444444444|6.50880639127|0.0|away
345610|350|wigan_athletic|0|6.40522875817|8.85278133504|1.0|home|364|liverpool|4|6.2614379085|13.0438031473|0.0|away
345611|362|aston_villa|0|1.71241830065|4.48770754266|0.0|home|382|manchester_city|1|9.54248366013|10.5638345485|8.0|away
345612|318|swansea_city|1|2.50980392157|4.57060463822|0.0|home|361|newcastle_united|0|2.52941176471|4.92964730278|0.0|away
345613|360|manchester_united|4|12.1633986928|14.4821086449|8.0|home|381|norwich_city|0|1.57516339869|3.73237524551|0.0|away
345614|363|chelsea|1|10.8104575163|18.5369271568|2.0|home|383|west_bromwich_albion|0|7.01307189542|7.3600111254|6.0|away
345615|336|stoke_city|0|8.66013071895|11.9175618195|2.0|home|371|west_ham_united|1|1.13071895425|5.09862574136|0.0|away
345616|359|arsenal|2|4.80392156863|7.11535100437|0.0|home|362|aston_villa|1|1.50326797386|3.91598731364|0.0|away
345617|382|manchester_city|2|8.43137254902|9.02122747607|6.0|home|363|chelsea|0|10.8104575163|18.5369271568|2.0|away
345618|381|norwich_city|2|1.57516339869|3.73237524551|0.0|home|368|everton|1|10.2156862745|15.1825239992|2.0|away
345619|334|queens_park_rangers|0|1.55555555556|4.70972972718|0.0|home|360|manchester_united|2|15.0784313725|16.6527508225|10.0|away
345620|370|fulham|1|3.50980392157|8.17625899007|0.0|home|336|stoke_city|0|8.45098039216|11.9797984513|2.0|away
345621|383|west_bromwich_albion|2|7.1045751634|7.51309392827|6.0|home|366|sunderland|1|2.85620915033|4.27092052139|0.0|away
345622|364|liverpool|5|7.6339869281|13.9254558996|2.0|home|318|swansea_city|0|2.62091503268|4.53167001774|0.0|away
345623|371|west_ham_united|2|1.75816993464|6.74563634676|0.0|home|367|tottenham_hotspur|3|3.88888888889|8.28855069488|0.0|away
345624|366|sunderland|0|2.95424836601|4.81194030855|0.0|home|359|arsenal|1|4.54411764706|7.83925608627|0.0|away
345625|360|manchester_united|2|15.4379084967|16.0732921273|11.0|home|368|everton|0|9.96078431373|15.744231168|0.0|away
345626|381|norwich_city|0|1.15032679739|3.23334595071|0.0|home|370|fulham|0|2.50980392157|6.49295007028|0.0|away
345627|367|tottenham_hotspur|2|4.18954248366|8.51047154595|0.0|home|361|newcastle_united|1|5.16993464052|8.19914777149|0.0|away
345628|318|swansea_city|4|1.49019607843|3.64632081928|0.0|home|334|queens_park_rangers|1|2.30718954248|4.91001516943|0.0|away
345629|364|liverpool|0|7.72549019608|14.1787078212|1.0|home|383|west_bromwich_albion|2|7.20261437908|7.59287546789|6.0|away
345630|362|aston_villa|2|1.15032679739|3.29739695678|0.0|home|371|west_ham_united|1|1.84967320261|6.25573853347|0.0|away
345631|363|chelsea|4|8.24836601307|14.7928091724|0.0|home|350|wigan_athletic|1|3.96732026144|6.89929266115|0.0|away
345632|368|everton|3|10.6405228758|15.6692173055|3.0|home|362|aston_villa|3|0.921568627451|3.44239127208|0.0|away
345633|361|newcastle_united|3|4.13071895425|6.69669005204|0.0|home|363|chelsea|2|9.94117647059|18.8475949105|0.0|away
345634|382|manchester_city|2|8.02614379085|10.3437314618|1.0|home|364|liverpool|2|7.94117647059|14.126059585|2.0|away
345635|370|fulham|0|3.86928104575|9.19128089992|0.0|home|360|manchester_united|1|16.6993464052|16.7773131003|13.0|away
345636|334|queens_park_rangers|0|1.98692810458|4.20081991391|0.0|home|381|norwich_city|0|1.83660130719|3.89143103597|0.0|away
345637|359|arsenal|1|5.18300653595|7.92731515718|0.0|home|336|stoke_city|0|8.01960784314|11.7753873079|3.0|away
345638|371|west_ham_united|1|2.14379084967|6.4366376769|0.0|home|318|swansea_city|0|1.86928104575|4.0385281899|0.0|away
345639|383|west_bromwich_albion|0|5.16339869281|6.70621360137|0.0|home|367|tottenham_hotspur|1|6.65359477124|12.2321339699|0.0|away
345640|368|everton|2|11.3790849673|15.7151966484|3.0|home|383|west_bromwich_albion|1|4.09803921569|6.29842257032|0.0|away
345641|370|fulham|3|5.15032679739|10.7629060644|0.0|home|371|west_ham_united|1|1.8954248366|6.25301328531|0.0|away
345642|359|arsenal|2|6.49673202614|8.67053019691|3.0|home|364|liverpool|2|7.94117647059|14.126059585|2.0|away
345643|334|queens_park_rangers|0|1.38562091503|3.27422930713|0.0|home|382|manchester_city|0|8.20261437908|10.3199530558|1.0|away
345644|362|aston_villa|1|2.72549019608|5.25212100836|0.0|home|361|newcastle_united|2|5.08496732026|8.39463547377|0.0|away
345645|366|sunderland|0|4.22875816993|4.77944500296|3.0|home|318|swansea_city|0|1.0522875817|3.0588793917|0.0|away
345646|381|norwich_city|1|2.42483660131|4.3920498742|0.0|home|367|tottenham_hotspur|1|5.1045751634|10.523651171|0.0|away
345647|336|stoke_city|2|8.26797385621|11.548707047|3.0|home|350|wigan_athletic|2|4.79738562092|7.58684747461|0.0|away
345648|363|chelsea|2|9.84967320261|18.9821971089|0.0|home|359|arsenal|1|6.34640522876|8.46393368075|3.0|away
345649|383|west_bromwich_albion|2|4.11764705882|6.32552787998|0.0|home|362|aston_villa|2|2.53594771242|4.70436613192|0.0|away
345650|382|manchester_city|2|11.0784313725|10.9470080741|10.0|home|370|fulham|0|3.77777777778|9.8798151806|0.0|away
345651|367|tottenham_hotspur|1|5.64052287582|11.6661705099|0.0|home|360|manchester_united|1|12.7058823529|16.5240495571|8.0|away
345652|364|liverpool|5|5.53594771242|10.8459360443|1.0|home|381|norwich_city|0|2.45098039216|4.04216530414|0.0|away
345653|371|west_ham_united|1|1.50980392157|6.46166943266|0.0|home|334|queens_park_rangers|1|2.69934640523|5.29654588063|0.0|away
345654|318|swansea_city|3|2.18300653595|4.26941992738|0.0|home|336|stoke_city|1|6.18300653595|10.689581947|1.0|away
345655|350|wigan_athletic|2|4.96732026144|7.52982592361|1.0|home|366|sunderland|3|4.50326797386|4.7720923228|3.0|away
345656|336|stoke_city|0|8.27450980392|11.5477045758|3.0|home|363|chelsea|4|10.3137254902|18.8947793697|0.0|away
345657|360|manchester_united|2|10.1960784314|13.8006624941|6.0|home|364|liverpool|1|7.60130718954|14.1727621808|1.0|away
345658|359|arsenal|0|5.09150326797|7.41959909169|2.0|home|382|manchester_city|2|8.7908496732|11.3198614248|1.0|away
345659|381|norwich_city|0|2.90849673203|4.61789567718|0.0|home|361|newcastle_united|0|4.05882352941|5.888101766|1.0|away
345660|368|everton|0|9.98039215686|14.8981161191|2.0|home|318|swansea_city|0|2.22875816993|4.21248802023|0.0|away
345661|334|queens_park_rangers|0|2.86274509804|5.08754576158|0.0|home|367|tottenham_hotspur|0|5.95424836601|11.5698164154|0.0|away
345662|366|sunderland|3|4.03267973856|4.33471818091|3.0|home|371|west_ham_united|0|1.54901960784|5.78135517559|0.0|away
345663|370|fulham|1|4.11764705882|9.67372370969|0.0|home|350|wigan_athletic|1|6.96732026144|8.92262915959|3.0|away
345664|318|swansea_city|2|2.22875816993|4.21248802023|0.0|home|362|aston_villa|2|2.49019607843|4.69475809348|0.0|away
345665|361|newcastle_united|1|4.65359477124|5.61082084966|3.0|home|368|everton|2|12.091503268|15.382427576|5.0|away
345666|383|west_bromwich_albion|1|5.55555555556|6.47154544976|3.0|home|370|fulham|2|2.90196078431|7.85552942586|0.0|away
345667|350|wigan_athletic|0|6.59477124183|8.93362445275|3.0|home|360|manchester_united|4|12.477124183|17.3458043249|7.0|away
345668|371|west_ham_united|2|1.77124183007|6.03204593786|0.0|home|381|norwich_city|1|1.8954248366|3.45685526873|0.0|away
345669|363|chelsea|0|6.52941176471|12.1203436304|0.0|home|334|queens_park_rangers|1|2.25490196078|5.15958326807|0.0|away
345670|382|manchester_city|3|9.69934640523|11.0749584855|6.0|home|336|stoke_city|0|8.27450980392|11.5477045758|3.0|away
345671|364|liverpool|3|7.58823529412|14.1788433997|1.0|home|366|sunderland|0|3.60784313725|4.40919315032|1.0|away
345672|368|everton|1|8.30065359477|12.835349965|1.0|home|363|chelsea|2|7.32026143791|14.9677883307|0.0|away
345673|334|queens_park_rangers|0|2.50326797386|4.90980635776|0.0|home|364|liverpool|3|8.16339869281|13.7567369195|3.0|away
345674|381|norwich_city|3|2.45098039216|4.14908632587|0.0|home|382|manchester_city|4|10.5947712418|11.0219258062|8.0|away
345675|359|arsenal|7|7.11111111111|8.4795452119|4.0|home|361|newcastle_united|3|5.21568627451|7.19199007654|3.0|away
345676|370|fulham|1|3.61437908497|7.45103772481|0.0|home|318|swansea_city|2|3.20261437908|4.76830422595|0.0|away
345677|366|sunderland|1|3.6339869281|4.0531624609|3.0|home|367|tottenham_hotspur|2|5.16993464052|10.2617959223|0.0|away
345678|360|manchester_united|2|10.7254901961|17.1872559925|3.0|home|383|west_bromwich_albion|0|5.22222222222|6.39569117844|2.0|away
345679|362|aston_villa|0|1.97385620915|4.47790175014|0.0|home|350|wigan_athletic|3|6.59477124183|8.93362445275|3.0|away
345680|381|norwich_city|0|3.22875816993|4.55252100242|0.0|home|363|chelsea|1|7.2614379085|15.482974517|0.0|away
345681|336|stoke_city|3|8.27450980392|11.5477045758|3.0|home|364|liverpool|1|8.92810457516|13.9378192306|4.0|away
345682|366|sunderland|1|3.60784313725|4.40919315032|1.0|home|382|manchester_city|0|9.43790849673|11.3614587951|2.0|away
345683|360|manchester_united|4|13.3529411765|20.1203797403|1.0|home|361|newcastle_united|3|4.90849673203|5.94567946295|3.0|away
345684|362|aston_villa|0|2.2614379085|4.85309852081|0.0|home|367|tottenham_hotspur|4|4.88235294118|9.26299911657|0.0|away
345685|334|queens_park_rangers|1|2.16993464052|3.8548684941|0.0|home|383|west_bromwich_albion|2|6.40522875817|7.38434832|3.0|away
345686|359|arsenal|5|6.02614379085|8.24379165287|3.0|home|371|west_ham_united|1|1.96732026144|6.20396067953|0.0|away
345687|368|everton|2|10.7843137255|15.1588284751|4.0|home|350|wigan_athletic|1|6.59477124183|8.93362445275|3.0|away
345688|350|wigan_athletic|0|6.96732026144|8.92262915959|3.0|home|359|arsenal|1|7.02614379085|8.05694415904|5.0|away
345689|363|chelsea|8|7.32026143791|14.9677883307|0.0|home|362|aston_villa|0|2.26797385621|4.64139732164|0.0|away
345690|371|west_ham_united|1|1.97385620915|5.94412734012|0.0|home|368|everton|2|10.0392156863|15.1000507955|3.0|away
345691|364|liverpool|4|7.92810457516|14.1324752677|2.0|home|370|fulham|0|3.34640522876|8.56067942255|0.0|away
345692|318|swansea_city|1|2.92156862745|4.50349089254|0.0|home|360|manchester_united|1|13.2810457516|18.5364708574|7.0|away
345693|383|west_bromwich_albion|2|5.67973856209|6.5685461576|3.0|home|381|norwich_city|1|2.3660130719|4.06443467194|0.0|away
345694|361|newcastle_united|1|6.1568627451|6.98468693612|4.0|home|334|queens_park_rangers|0|2.60784313725|4.881919817|0.0|away
345695|367|tottenham_hotspur|0|4.88235294118|9.26299911657|0.0|home|336|stoke_city|0|8.67320261438|11.3476438287|5.0|away
345696|364|liverpool|1|8.39869281046|14.1265706486|3.0|home|362|aston_villa|3|2.44444444444|4.74154064602|0.0|away
345697|336|stoke_city|1|7.90196078431|11.5903750388|3.0|home|368|everton|1|8.85620915033|12.5486859977|4.0|away
345698|334|queens_park_rangers|2|2.50326797386|4.90980635776|0.0|home|370|fulham|1|4.51633986928|10.3841914637|0.0|away
345699|361|newcastle_united|1|6.60784313725|6.73808344788|5.0|home|382|manchester_city|3|7.11764705882|8.62428640714|2.0|away
345700|360|manchester_united|3|14.3725490196|19.1907801777|9.0|home|366|sunderland|1|3.6862745098|4.9089362135|2.0|away
345701|367|tottenham_hotspur|1|3.6339869281|7.73731441982|0.0|home|318|swansea_city|0|2.2614379085|4.05158121611|0.0|away
345702|383|west_bromwich_albion|0|6.12418300654|7.4748556822|2.0|home|371|west_ham_united|0|1.875|6.04935278502|0.0|away
345703|381|norwich_city|2|3.07189542484|4.6132865451|0.0|home|350|wigan_athletic|1|6.24836601307|8.7591453949|3.0|away
345704|366|sunderland|1|4.47058823529|5.16152030034|4.0|home|363|chelsea|3|8.19607843137|14.7351603976|0.0|away
345705|371|west_ham_united|2|1.80392156863|5.84109715669|0.0|home|364|liverpool|3|8.16993464052|14.1318676865|3.0|away
345706|382|manchester_city|2|10.4379084967|10.5556911301|8.0|home|360|manchester_united|3|16.1307189542|18.3169955047|11.0|away
345707|370|fulham|2|3.81699346405|9.89384036839|0.0|home|361|newcastle_united|1|7.56862745098|8.02753814717|5.0|away
345708|318|swansea_city|3|1.87581699346|3.89958982498|0.0|home|381|norwich_city|4|4.24183006536|4.85882546364|0.0|away
345709|350|wigan_athletic|2|4.67320261438|7.49887143174|1.0|home|334|queens_park_rangers|2|2.22222222222|3.9757799781|0.0|away
345710|362|aston_villa|0|2.87581699346|4.96039248584|0.0|home|336|stoke_city|0|8.67320261438|11.3476438287|5.0|away
345711|368|everton|2|8.39215686275|12.8501851639|2.0|home|367|tottenham_hotspur|1|2.86274509804|6.8083559037|0.0|away
345712|359|arsenal|2|4.52941176471|6.52802788137|1.0|home|383|west_bromwich_albion|0|6.23529411765|7.613854508|3.0|away
345713|334|queens_park_rangers|1|2.17647058824|4.2366555546|0.0|home|362|aston_villa|1|2.87581699346|4.96039248584|0.0|away
345714|371|west_ham_united|3|1.78676470588|5.98823366896|0.0|home|363|chelsea|1|6.60784313725|12.5605645423|0.0|away
345715|382|manchester_city|1|11.0326797386|10.3982265335|10.0|home|368|everton|1|11.2745098039|15.154643066|5.0|away
345716|383|west_bromwich_albion|0|5.01960784314|7.09180746915|0.0|home|336|stoke_city|1|8.22222222222|11.8250991634|3.0|away
345717|381|norwich_city|2|3.22875816993|4.55252100242|0.0|home|366|sunderland|1|3.60784313725|4.40919315032|1.0|away
345718|359|arsenal|0|4.60784313725|6.61374612694|2.0|home|318|swansea_city|2|1.54901960784|3.4977886132|0.0|away
345719|370|fulham|0|3.2091503268|7.44184740116|0.0|home|367|tottenham_hotspur|3|3.50326797386|8.48845750941|0.0|away
345720|361|newcastle_united|3|6.22875816993|7.68539633061|4.0|home|350|wigan_athletic|0|6.71895424837|9.01593180749|3.0|away
345721|368|everton|1|11.2745098039|15.154643066|5.0|home|359|arsenal|1|6.78431372549|7.98850577574|4.0|away
345722|363|chelsea|0|7.75163398693|13.1642619029|0.0|home|370|fulham|0|3.35294117647|7.40823652927|0.0|away
345723|367|tottenham_hotspur|2|5.05882352941|10.6686488931|0.0|home|364|liverpool|1|6.43137254902|13.0623265631|0.0|away
345724|350|wigan_athletic|0|5.86274509804|8.89815933344|1.0|home|382|manchester_city|2|10.0|10.7587933332|8.0|away
345725|336|stoke_city|2|7.55555555556|11.1788133462|3.0|home|361|newcastle_united|1|5.24836601307|6.15303851369|3.0|away
345726|366|sunderland|0|3.70588235294|4.82894642421|1.0|home|334|queens_park_rangers|0|2.09150326797|4.25549929042|0.0|away
345727|318|swansea_city|3|1.83006535948|3.89702559556|0.0|home|383|west_bromwich_albion|1|5.90196078431|7.48922075572|1.0|away
345728|360|manchester_united|1|12.9477124183|14.3617096447|9.0|home|371|west_ham_united|0|1.24836601307|5.22347772584|0.0|away
345729|362|aston_villa|0|2.73202614379|5.4208584516|0.0|home|359|arsenal|0|5.37254901961|6.82927411998|3.0|away
345730|336|stoke_city|1|7.55555555556|11.1788133462|3.0|home|370|fulham|0|3.22222222222|7.42212046425|0.0|away
345731|318|swansea_city|0|1.88235294118|3.86528233581|0.0|home|364|liverpool|0|7.41830065359|12.9718722245|3.0|away
345732|363|chelsea|0|7.75163398693|13.1642619029|0.0|home|382|manchester_city|0|10.6928104575|10.3597266006|9.0|away
345733|368|everton|1|9.67973856209|15.0509607514|2.0|home|381|norwich_city|1|2.88235294118|4.19140292933|0.0|away
345734|360|manchester_united|3|12.9607843137|15.3728741462|9.0|home|334|queens_park_rangers|1|2.21568627451|4.03245198031|0.0|away
345735|366|sunderland|2|4.03267973856|5.5311574988|1.0|home|383|west_bromwich_albion|4|4.72549019608|6.52920567301|0.0|away
345736|367|tottenham_hotspur|3|4.75163398693|10.2187070833|0.0|home|371|west_ham_united|1|1.92156862745|6.10745757761|0.0|away
345737|382|manchester_city|5|9.18954248366|10.4978999668|7.0|home|362|aston_villa|0|2.45098039216|5.3442794246|0.0|away
345738|383|west_bromwich_albion|2|6.43790849673|7.48753217751|3.0|home|363|chelsea|1|7.28104575163|11.9281385979|0.0|away
345739|381|norwich_city|1|2.47058823529|4.09855517908|0.0|home|360|manchester_united|0|14.9477124183|18.6287397788|9.0|away
345740|371|west_ham_united|1|1.96078431373|6.1024824617|0.0|home|336|stoke_city|1|7.40522875817|10.8930858376|3.0|away
345741|370|fulham|1|4.12418300654|8.81866726362|0.0|home|366|sunderland|3|3.8431372549|5.3285734238|1.0|away
345742|361|newcastle_united|1|3.22875816993|4.61950501271|1.0|home|318|swansea_city|2|2.43137254902|4.30042512852|0.0|away
345743|359|arsenal|5|5.56209150327|7.74244735536|3.0|home|367|tottenham_hotspur|2|5.60784313725|10.7041225301|0.0|away
345744|364|liverpool|3|6.58169934641|12.8539378158|1.0|home|350|wigan_athletic|0|7.05882352941|9.47872422824|3.0|away
345745|359|arsenal|3|5.83660130719|7.94051208926|3.0|home|370|fulham|3|4.34640522876|9.69961946659|0.0|away
345746|363|chelsea|1|8.16993464052|13.3165535835|0.0|home|364|liverpool|1|3.47712418301|8.78805262011|0.0|away
345747|362|aston_villa|2|2.47712418301|5.32485228531|0.0|home|360|manchester_united|3|14.3660130719|16.7119978169|9.0|away
345748|336|stoke_city|1|7.90196078431|11.5903750388|3.0|home|334|queens_park_rangers|0|3.13071895425|5.81151978644|0.0|away
345749|368|everton|2|11.2222222222|15.2753474003|2.0|home|366|sunderland|1|3.37254901961|4.9795429259|0.0|away
345750|382|manchester_city|2|7.88235294118|10.2050488443|2.0|home|367|tottenham_hotspur|1|5.27450980392|10.2805325859|0.0|away
345751|350|wigan_athletic|1|7.39215686275|9.46285154698|4.0|home|383|west_bromwich_albion|2|4.86928104575|6.87582941921|0.0|away
345752|361|newcastle_united|0|5.52941176471|5.80968182622|5.0|home|371|west_ham_united|1|1.59477124183|4.69798720424|0.0|away
345753|360|manchester_united|2|14.1699346405|17.531965521|7.0|home|359|arsenal|1|4.71241830065|7.44537686323|1.0|away
345754|366|sunderland|0|4.03267973856|5.5311574988|1.0|home|362|aston_villa|1|2.73202614379|5.4208584516|0.0|away
345755|318|swansea_city|1|2.0522875817|3.87009795298|0.0|home|363|chelsea|1|6.92156862745|12.9132497248|0.0|away
345756|370|fulham|2|4.6339869281|9.63907599644|0.0|home|368|everton|2|12.2745098039|15.6778163471|4.0|away
345757|371|west_ham_united|0|1.09803921569|4.82878718705|0.0|home|382|manchester_city|0|8.39869281046|9.40959034433|6.0|away
345758|364|liverpool|1|4.2614379085|9.51694137293|0.0|home|361|newcastle_united|1|8.71895424837|7.68536298005|7.0|away
345759|381|norwich_city|1|2.55555555556|4.1835171257|0.0|home|336|stoke_city|0|7.90196078431|11.5903750388|3.0|away
345760|367|tottenham_hotspur|0|4.14379084967|9.52905313257|0.0|home|350|wigan_athletic|1|7.24836601307|9.36289509285|4.0|away
345761|368|everton|2|13.6274509804|16.9543340336|6.0|home|364|liverpool|2|6.00653594771|12.8187448184|0.0|away
345762|363|chelsea|2|7.28104575163|11.9281385979|0.0|home|360|manchester_united|3|20.0522875817|18.9446358316|14.0|away
345763|362|aston_villa|1|2.58169934641|4.85154025685|0.0|home|381|norwich_city|1|3.65359477124|4.51912459196|0.0|away
345764|359|arsenal|1|4.35294117647|6.97659072519|0.0|home|334|queens_park_rangers|0|2.06535947712|5.52791277446|0.0|away
345765|336|stoke_city|0|8.13071895425|11.3700057257|1.0|home|366|sunderland|0|4.03267973856|5.5311574988|1.0|away
345766|382|manchester_city|1|10.660130719|10.1538256409|10.0|home|318|swansea_city|0|2.22875816993|4.21248802023|0.0|away
345767|361|newcastle_united|2|8.71895424837|7.68536298005|7.0|home|383|west_bromwich_albion|1|5.20261437908|6.80384308657|2.0|away
345768|350|wigan_athletic|2|8.24183006536|9.49304949991|5.0|home|371|west_ham_united|1|1.55555555556|4.67770248181|0.0|away
345769|381|norwich_city|1|3.98039215686|4.84460563594|0.0|home|359|arsenal|0|2.60784313725|4.63185234353|0.0|away
345770|370|fulham|1|3.7385620915|9.76707236113|0.0|home|362|aston_villa|0|2.95424836601|5.26592185014|0.0|away
345771|367|tottenham_hotspur|2|3.60784313725|8.80822201619|0.0|home|363|chelsea|4|9.70588235294|14.8019087062|4.0|away
345772|334|queens_park_rangers|1|1.94117647059|5.42113425909|0.0|home|368|everton|1|10.9673202614|15.4333559059|2.0|away
345773|383|west_bromwich_albion|1|5.21568627451|6.79671313918|2.0|home|382|manchester_city|2|14.477124183|10.8628316145|13.0|away
345774|366|sunderland|1|4.04575163399|5.29562634841|1.0|home|361|newcastle_united|1|9.32026143791|7.60516989172|8.0|away
345775|360|manchester_united|4|18.7058823529|20.0326146988|14.0|home|336|stoke_city|2|8.13071895425|11.3700057257|1.0|away
345776|318|swansea_city|2|3.00653594771|4.78627767826|0.0|home|350|wigan_athletic|1|7.2614379085|9.53615153863|3.0|away
345777|371|west_ham_united|1|2.29411764706|6.53285547766|0.0|home|359|arsenal|3|4.17647058824|6.44647914955|1.0|away
345778|367|tottenham_hotspur|2|4.24183006536|9.64061814509|0.0|home|362|aston_villa|0|2.95424836601|5.4357084539|0.0|away
345779|350|wigan_athletic|2|7.2614379085|9.53615153863|3.0|home|368|everton|2|12.7581699346|15.3873839095|5.0|away
345780|361|newcastle_united|0|5.47058823529|6.93297399477|4.0|home|360|manchester_united|3|15.3725490196|19.4105565083|9.0|away
345781|363|chelsea|4|11.0653594771|18.3867930731|3.0|home|381|norwich_city|1|3.21568627451|4.52580282333|0.0|away
345782|383|west_bromwich_albion|3|5.35947712418|6.82614579344|2.0|home|334|queens_park_rangers|2|2.55555555556|5.74500509268|0.0|away
345783|364|liverpool|0|4.84967320261|12.7031318468|0.0|home|336|stoke_city|0|7.81045751634|11.7349551208|2.0|away
345784|382|manchester_city|3|14.2222222222|10.216110705|14.0|home|366|sunderland|0|3.58823529412|4.86756560562|1.0|away
345785|359|arsenal|1|4.01307189542|5.79833977602|0.0|home|363|chelsea|2|11.0653594771|18.3867930731|3.0|away
345786|381|norwich_city|2|3.67320261438|4.6859964731|0.0|home|364|liverpool|5|5.07189542484|12.8424869698|0.0|away
345787|370|fulham|1|4.88235294118|10.0325881923|0.0|home|382|manchester_city|2|12.4640522876|10.56942572|12.0|away
345788|336|stoke_city|2|7.40522875817|11.8621923204|0.0|home|318|swansea_city|0|3.00653594771|4.78627767826|0.0|away
345789|360|manchester_united|2|16.385620915|20.1634251756|9.0|home|367|tottenham_hotspur|3|3.56209150327|9.27138409008|0.0|away
345790|362|aston_villa|1|2.95424836601|5.4357084539|0.0|home|383|west_bromwich_albion|1|4.66013071895|7.06752066491|0.0|away
345791|334|queens_park_rangers|1|1.62745098039|4.51270154141|0.0|home|371|west_ham_united|2|1.85620915033|5.14040549334|0.0|away
345792|366|sunderland|1|4.1045751634|4.81034207023|3.0|home|350|wigan_athletic|0|7.2614379085|9.53615153863|3.0|away
345793|382|manchester_city|1|9.28758169935|10.5258307871|6.0|home|359|arsenal|1|3.32679738562|5.39647678015|0.0|away
345794|318|swansea_city|0|3.37908496732|4.7691910715|0.0|home|368|everton|3|12.7777777778|15.5055217751|7.0|away
345795|350|wigan_athletic|1|6.0|8.84137628656|2.0|home|370|fulham|2|4.85620915033|10.0400624302|0.0|away
345796|364|liverpool|1|5.88888888889|12.7845676759|0.0|home|360|manchester_united|2|16.1568627451|18.7568262596|9.0|away
345797|361|newcastle_united|1|5.83006535948|7.10775223441|5.0|home|381|norwich_city|0|3.23529411765|4.54428421549|0.0|away
345798|367|tottenham_hotspur|2|3.56209150327|9.27138409008|0.0|home|334|queens_park_rangers|1|1.7908496732|4.65496234587|0.0|away
345799|363|chelsea|1|11.0653594771|18.3867930731|3.0|home|336|stoke_city|0|7.88235294118|11.7662090543|1.0|away
345800|371|west_ham_united|1|2.40522875817|6.53841130041|0.0|home|366|sunderland|1|4.71895424837|4.88890636465|4.0|away
345801|334|queens_park_rangers|0|2.13725490196|5.94424951263|0.0|home|363|chelsea|0|11.6078431373|18.5994009652|4.0|away
345802|366|sunderland|1|4.22875816993|5.05976921123|3.0|home|364|liverpool|1|6.52287581699|12.9811753938|0.0|away
345803|336|stoke_city|1|8.03267973856|12.0382930959|2.0|home|382|manchester_city|1|7.6862745098|9.99703916183|1.0|away
345804|368|everton|2|18.0196078431|16.9676626651|17.0|home|361|newcastle_united|2|5.43790849673|7.05239964293|4.0|away
345805|362|aston_villa|2|2.65359477124|5.26217264386|0.0|home|318|swansea_city|0|3.03921568627|4.34445383488|0.0|away
345806|370|fulham|3|4.52941176471|10.4337679691|0.0|home|383|west_bromwich_albion|0|6.34640522876|7.32737749361|3.0|away
345807|381|norwich_city|0|4.07843137255|4.75206100697|0.0|home|371|west_ham_united|0|2.08496732026|6.93946534304|0.0|away
345808|360|manchester_united|4|13.5490196078|18.3110171403|7.0|home|350|wigan_athletic|0|7.72549019608|9.45870646694|5.0|away
345809|364|liverpool|0|7.67973856209|12.9638278029|3.0|home|359|arsenal|2|3.51633986928|5.57902769326|0.0|away
345810|361|newcastle_united|1|5.66013071895|6.10064113066|4.0|home|362|aston_villa|1|3.03267973856|5.20735816835|0.0|away
345811|383|west_bromwich_albion|2|7.43137254902|7.19546399044|6.0|home|368|everton|0|17.908496732|17.0414180104|17.0|away
345812|371|west_ham_united|3|1.97385620915|6.3120879079|0.0|home|370|fulham|0|4.82352941176|10.3539438017|0.0|away
345813|367|tottenham_hotspur|1|7.6862745098|11.7074751766|0.0|home|381|norwich_city|1|3.90849673203|4.54370134617|0.0|away
345814|382|manchester_city|3|11.0588235294|9.97856218055|11.0|home|334|queens_park_rangers|1|2.35294117647|5.99506396989|0.0|away
345815|350|wigan_athletic|2|7.72549019608|9.45870646694|5.0|home|336|stoke_city|2|9.32679738562|11.9513338142|3.0|away
345816|318|swansea_city|2|3.33333333333|4.66806701679|0.0|home|366|sunderland|2|4.01307189542|5.09772078778|3.0|away
345817|336|stoke_city|0|11.0588235294|12.0588075881|6.0|home|359|arsenal|0|2.92156862745|5.05981142505|0.0|away
345818|362|aston_villa|1|3.50326797386|5.00473525187|1.0|home|368|everton|3|15.091503268|15.1093441534|10.0|away
345819|360|manchester_united|3|14.2026143791|18.2865211538|7.0|home|370|fulham|2|5.96078431373|10.5042054155|2.0|away
345820|364|liverpool|2|8.77777777778|13.2498475622|5.0|home|382|manchester_city|2|12.5816993464|9.95126318325|11.0|away
345821|363|chelsea|2|11.660130719|14.6845538869|6.0|home|361|newcastle_united|0|6.77124183007|6.84038061475|5.0|away
345822|381|norwich_city|1|4.2091503268|4.3486209891|3.0|home|334|queens_park_rangers|1|3.37254901961|6.00313899691|0.0|away
345823|367|tottenham_hotspur|1|8.50326797386|11.4184372081|4.0|home|383|west_bromwich_albion|1|6.17647058824|7.00244368836|4.0|away
345824|318|swansea_city|3|4.22875816993|4.70224078419|2.0|home|371|west_ham_united|0|1.92810457516|6.88571940334|0.0|away
345825|371|west_ham_united|1|2.24836601307|7.35138690908|0.0|home|362|aston_villa|0|3.13071895425|4.60703186665|1.0|away
345826|350|wigan_athletic|0|10.0588235294|9.64414909092|7.0|home|363|chelsea|2|15.8431372549|19.5445252174|8.0|away
345827|383|west_bromwich_albion|3|6.3137254902|6.93524727376|4.0|home|364|liverpool|0|9.96732026144|13.8159793347|6.0|away
345828|368|everton|1|18.6209150327|16.4499663412|17.0|home|360|manchester_united|0|14.3660130719|18.3765094561|7.0|away
345829|370|fulham|5|6.1568627451|10.0924599093|2.0|home|381|norwich_city|0|4.33333333333|4.34763852963|3.0|away
345830|359|arsenal|0|4.75163398693|7.24661836461|1.0|home|366|sunderland|0|6.12418300654|5.28942743907|6.0|away
345831|334|queens_park_rangers|0|3.21568627451|6.22659400435|0.0|home|318|swansea_city|5|5.27450980392|4.78182191619|5.0|away
345832|361|newcastle_united|2|7.73202614379|7.50425285604|7.0|home|367|tottenham_hotspur|1|9.05882352941|11.6289223022|5.0|away
345833|371|west_ham_united|4|1.71895424837|5.86276331414|0.0|home|338|reading|2|0.0196078431373|0.241741725607|0.0|away
345834|338|reading|0|0.0196078431373|0.241741725607|0.0|home|382|manchester_city|2|10.660130719|10.6065483526|9.0|away
345835|370|fulham|2|2.21568627451|6.44122869827|0.0|home|338|reading|4|0.0196078431373|0.241741725607|0.0|away
345836|338|reading|0|0.0196078431373|0.241741725607|0.0|home|334|queens_park_rangers|0|1.21568627451|3.17453342045|0.0|away
345837|381|norwich_city|2|1.50980392157|3.48126197361|0.0|home|338|reading|1|0.0196078431373|0.241741725607|0.0|away
345838|338|reading|0|0.0196078431373|0.241741725607|0.0|home|364|liverpool|0|8.24183006536|14.0508070355|3.0|away
345839|359|arsenal|4|5.34640522876|7.43716182199|2.0|home|338|reading|1|0.0326797385621|0.266134288516|0.0|away
345840|360|manchester_united|1|11.5882352941|16.0719499131|6.0|home|338|reading|0|0.0130718954248|0.113582661418|0.0|away
345841|338|reading|1|0.0130718954248|0.113582661418|0.0|home|362|aston_villa|2|1.35294117647|4.04140431853|0.0|away
345842|368|everton|3|8.39215686275|13.0224719269|0.0|home|338|reading|1|0.0|0.0|0.0|away
345843|338|reading|0|0.248366013072|2.28172920825|0.0|home|350|wigan_athletic|3|6.40522875817|8.85278133504|1.0|away
345844|336|stoke_city|2|8.01960784314|11.7753873079|3.0|home|338|reading|1|0.248366013072|2.28172920825|0.0|away
345845|338|reading|2|0.248366013072|2.28172920825|0.0|home|366|sunderland|1|3.13071895425|4.38012864355|0.0|away
345846|338|reading|2|0.248366013072|2.28172920825|0.0|home|363|chelsea|2|8.41830065359|16.7228911951|0.0|away
345847|361|newcastle_united|1|5.61437908497|6.75541340226|4.0|home|338|reading|2|0.0326797385621|0.266134288516|0.0|away
345848|338|reading|3|0.0130718954248|0.113582661418|0.0|home|383|west_bromwich_albion|2|2.83660130719|5.46223818276|0.0|away
345849|367|tottenham_hotspur|3|3.54248366013|8.8035843325|0.0|home|338|reading|1|0.0130718954248|0.113582661418|0.0|away
345850|338|reading|1|0.0130718954248|0.113582661418|0.0|home|371|west_ham_united|0|2.30718954248|6.48505677557|0.0|away
345851|338|reading|0|0.0130718954248|0.113582661418|0.0|home|318|swansea_city|0|2.52287581699|4.45762175713|0.0|away
345852|382|manchester_city|1|8.28104575163|11.5348052537|1.0|home|338|reading|0|0.222222222222|2.27007305236|0.0|away
345853|338|reading|2|0.222222222222|2.27007305236|0.0|home|359|arsenal|5|6.45751633987|8.01875817819|3.0|away
345854|338|reading|3|0.196078431373|2.25805406284|0.0|home|360|manchester_united|4|16.5359477124|16.8169794929|10.0|away
345855|362|aston_villa|1|2.78431372549|5.41474768599|0.0|home|338|reading|0|0.320261437908|2.71922132927|0.0|away
345856|350|wigan_athletic|3|6.28104575163|8.75181214948|3.0|home|338|reading|2|0.183006535948|2.25625610566|0.0|away
345857|338|reading|2|0.183006535948|2.25625610566|0.0|home|368|everton|1|8.11764705882|12.8530870006|0.0|away
345858|338|reading|0|0.209150326797|2.26843528108|0.0|home|381|norwich_city|0|2.47058823529|4.09855517908|0.0|away
345859|334|queens_park_rangers|1|3.13071895425|5.81151978644|0.0|home|338|reading|1|0.222222222222|2.27007305236|0.0|away
345860|338|reading|3|0.222222222222|2.27007305236|0.0|home|370|fulham|3|4.52287581699|9.68124996475|0.0|away
345861|364|liverpool|1|4.60130718954|9.77481081126|0.0|home|338|reading|0|0.0261437908497|0.254314724946|0.0|away
345862|318|swansea_city|2|2.54901960784|4.3505557852|0.0|home|338|reading|2|0.0261437908497|0.254314724946|0.0|away
345863|338|reading|2|0.0261437908497|0.254314724946|0.0|home|361|newcastle_united|2|5.71895424837|7.08165033417|4.0|away
345864|383|west_bromwich_albion|1|5.8954248366|6.83050003308|3.0|home|338|reading|0|0.00653594771242|0.0805805752022|0.0|away
345865|338|reading|1|0.00653594771242|0.0805805752022|0.0|home|367|tottenham_hotspur|3|4.6862745098|10.2181886966|0.0|away
345866|363|chelsea|4|14.0980392157|18.1186231806|8.0|home|338|reading|2|0.0|0.0|0.0|away
345867|366|sunderland|3|4.1045751634|4.37635267409|3.0|home|338|reading|0|0.320261437908|2.71922132927|0.0|away
345868|338|reading|1|0.0|0.0|0.0|home|336|stoke_city|1|12.9411764706|13.3005652709|9.0|away
345872|376|southampton|1|0.00653594771242|0.0805805752022|0.0|home|336|stoke_city|1|7.33333333333|10.9144025492|1.0|away
345873|366|sunderland|1|2.0522875817|3.68141570111|0.0|home|376|southampton|1|0.0|0.0|0.0|away
345874|367|tottenham_hotspur|1|5.05882352941|11.6266739151|0.0|home|376|southampton|0|0.00653594771242|0.0805805752022|0.0|away
345875|376|southampton|0|0.0522875816993|0.439709495204|0.0|home|383|west_bromwich_albion|3|5.61437908497|6.86387167846|1.0|away
345876|318|swansea_city|0|3.11764705882|4.91754385857|0.0|home|376|southampton|0|0.0196078431373|0.179708850783|0.0|away
345877|376|southampton|1|0.0522875816993|0.439709495204|0.0|home|371|west_ham_united|1|1.64705882353|5.81689065048|0.0|away
345878|338|reading|0|0.0261437908497|0.254314724946|0.0|home|376|southampton|2|0.0196078431373|0.179708850783|0.0|away
345879|376|southampton|2|0.0522875816993|0.439709495204|0.0|home|363|chelsea|1|10.2091503268|18.722135232|0.0|away
345880|376|southampton|3|0.0|0.0|0.0|home|364|liverpool|1|3.67973856209|7.21078857179|0.0|away
345881|381|norwich_city|0|1.57516339869|3.73237524551|0.0|home|376|southampton|0|0.0|0.0|0.0|away
345882|376|southampton|1|0.0196078431373|0.179708850783|0.0|home|334|queens_park_rangers|2|0.790849673203|2.63375175323|0.0|away
345883|361|newcastle_united|4|3.55555555556|6.07242657927|0.0|home|376|southampton|2|0.0196078431373|0.179708850783|0.0|away
345884|376|southampton|3|0.0522875816993|0.439709495204|0.0|home|382|manchester_city|1|9.53594771242|10.4625233112|8.0|away
345885|350|wigan_athletic|2|4.06535947712|6.90900066799|0.0|home|376|southampton|2|0.0196078431373|0.179708850783|0.0|away
345886|360|manchester_united|2|10.7647058824|14.9905262919|4.0|home|376|southampton|1|0.0522875816993|0.439709495204|0.0|away
345887|376|southampton|0|0.0522875816993|0.439709495204|0.0|home|368|everton|0|11.4705882353|15.6798271064|2.0|away
345888|362|aston_villa|0|2.39869281046|4.68531270611|0.0|home|376|southampton|1|0.0522875816993|0.439709495204|0.0|away
345889|376|southampton|1|0.0|0.0|0.0|home|359|arsenal|1|6.2091503268|8.12858555959|3.0|away
345890|336|stoke_city|3|7.17647058824|10.2013184122|3.0|home|376|southampton|3|0.0522875816993|0.439709495204|0.0|away
345891|370|fulham|1|5.03267973856|9.66728753966|0.0|home|376|southampton|1|0.0|0.0|0.0|away
345892|376|southampton|0|0.0|0.0|0.0|home|366|sunderland|1|3.93464052288|4.52830344172|2.0|away
345893|363|chelsea|2|10.4705882353|18.818381649|0.0|home|376|southampton|2|0.0196078431373|0.179708850783|0.0|away
345894|376|southampton|1|0.00653594771242|0.0805805752022|0.0|home|338|reading|0|0.196078431373|2.25805406284|0.0|away
345895|364|liverpool|1|7.92810457516|14.1324752677|2.0|home|376|southampton|0|0.0|0.0|0.0|away
345896|376|southampton|1|0.00653594771242|0.0805805752022|0.0|home|381|norwich_city|1|3.22875816993|4.55252100242|0.0|away
345897|376|southampton|2|0.0|0.0|0.0|home|361|newcastle_united|0|4.85620915033|5.55826923343|3.0|away
345898|334|queens_park_rangers|1|1.53594771242|3.63538553986|0.0|home|376|southampton|3|0.0522875816993|0.439709495204|0.0|away
345899|376|southampton|1|0.0522875816993|0.439709495204|0.0|home|318|swansea_city|1|2.54901960784|4.25639261861|0.0|away
345900|383|west_bromwich_albion|2|4.98692810458|6.6194276633|1.0|home|376|southampton|0|0.0130718954248|0.161161150404|0.0|away
345901|376|southampton|1|0.0130718954248|0.161161150404|0.0|home|367|tottenham_hotspur|2|4.2091503268|9.50930304366|0.0|away
345902|371|west_ham_united|4|1.52287581699|4.65275934338|0.0|home|376|southampton|1|0.0|0.0|0.0|away
345903|376|southampton|2|0.0130718954248|0.161161150404|0.0|home|370|fulham|2|6.02614379085|10.4117503457|2.0|away
345904|368|everton|3|13.1176470588|15.2705197537|7.0|home|376|southampton|1|0.0|0.0|0.0|away
345905|376|southampton|4|0.0130718954248|0.161161150404|0.0|home|362|aston_villa|1|2.65359477124|5.26217264386|0.0|away
345906|359|arsenal|6|5.32026143791|7.10026566268|3.0|home|376|southampton|1|0.0130718954248|0.161161150404|0.0|away
345907|376|southampton|2|0.0130718954248|0.161161150404|0.0|home|360|manchester_united|3|14.3006535948|18.987813418|7.0|away
345908|376|southampton|0|0.0130718954248|0.161161150404|0.0|home|350|wigan_athletic|2|8.47058823529|9.38505196084|5.0|away
345909|382|manchester_city|3|13.5882352941|9.43538702218|13.0|home|376|southampton|2|0.0130718954248|0.161161150404|0.0|away
