MatchID|Team1ID|Team1|score_t1|mean_goals_t1_bin_5|mean_assists_t1_bin_5|mean_shots_t1_bin_5|HAteam01|Team2ID|Team2|score_t2|mean_goals_t2_bin_5|mean_assists_t2_bin_5|mean_shots_t2_bin_5|HAteam02
345527|361|newcastle_united|0|4.298043|0.859264|8.208193|home|359|arsenal|1|3.808130|0.893085|6.383796|away
345528|350|wigan_athletic|2|2.506472|0.367284|6.290446|home|362|aston_villa|2|3.328425|0.591064|6.621855|away
345529|363|chelsea|2|4.638478|1.052486|13.753087|home|368|everton|1|2.830061|0.595216|4.270144|away
345530|318|swansea_city|0|4.622827|0.922083|6.924592|home|370|fulham|3|3.159616|0.581225|7.397001|away
345531|383|west_bromwich_albion|5|3.956953|0.700370|7.160242|home|360|manchester_united|5|2.943113|0.765231|6.623421|away
345532|382|manchester_city|2|3.935084|1.144293|9.849437|home|381|norwich_city|3|6.248931|1.530523|11.081500|away
345533|364|liverpool|1|4.254927|0.721971|5.609265|home|334|queens_park_rangers|0|5.096001|0.948785|9.022874|away
345534|367|tottenham_hotspur|1|5.132141|1.076297|12.882775|home|366|sunderland|0|8.394606|1.207274|7.914261|away
345535|362|aston_villa|1|3.443548|0.562056|5.552209|home|363|chelsea|2|4.448952|1.022270|13.828653|away
345536|370|fulham|1|3.198832|0.624363|8.047981|home|364|liverpool|3|4.223043|0.727044|5.550569|away
345537|334|queens_park_rangers|1|4.702617|0.948708|9.319126|home|361|newcastle_united|2|5.738107|1.019841|8.331911|away
345538|360|manchester_united|2|2.843543|0.745529|6.815707|home|318|swansea_city|1|4.732591|1.048009|7.062976|away
345539|336|stoke_city|1|3.421768|0.927501|10.342668|home|367|tottenham_hotspur|2|4.806665|1.004544|12.173923|away
345540|381|norwich_city|4|6.402194|1.418618|11.195741|home|383|west_bromwich_albion|0|3.733435|0.732602|7.235274|away
345541|368|everton|2|2.918761|0.649193|5.268566|home|371|west_ham_united|0|5.325861|1.179084|11.633872|away
345542|359|arsenal|4|3.536120|0.876912|5.951620|home|350|wigan_athletic|1|2.467377|0.379547|6.599178|away
345543|334|queens_park_rangers|0|4.779284|0.973628|9.015476|home|359|arsenal|1|4.510203|0.903000|5.970388|away
345544|381|norwich_city|1|7.633092|1.535981|10.856253|home|362|aston_villa|2|3.361366|0.633212|5.697721|away
345545|360|manchester_united|0|3.002018|0.814399|7.751400|home|363|chelsea|1|4.154736|0.968404|12.935315|away
345546|364|liverpool|0|4.201957|0.842936|7.327551|home|368|everton|0|2.923811|0.635725|5.181024|away
345547|318|swansea_city|0|4.556160|0.924734|6.835577|home|382|manchester_city|0|3.907022|1.126714|9.931009|away
345548|371|west_ham_united|0|5.325861|1.179084|11.633872|home|361|newcastle_united|0|5.791987|0.948589|7.934671|away
345549|366|sunderland|1|6.747710|0.889148|7.554189|home|336|stoke_city|1|3.429014|0.928467|10.514649|away
345550|383|west_bromwich_albion|2|4.014877|0.677227|7.321614|home|350|wigan_athletic|3|2.447025|0.443810|6.398216|away
345551|368|everton|1|2.897885|0.637577|5.045839|home|370|fulham|0|3.173172|0.532262|7.227110|away
345552|361|newcastle_united|0|5.542472|0.962816|8.834664|home|364|liverpool|6|3.939457|0.830436|7.090051|away
345553|359|arsenal|1|4.511770|0.906133|6.031165|home|360|manchester_united|1|3.035978|0.913222|8.388786|away
345554|336|stoke_city|1|3.444884|0.937991|10.585481|home|381|norwich_city|0|7.713247|1.585540|10.784286|away
345555|362|aston_villa|6|3.361366|0.633212|5.697721|home|366|sunderland|1|6.439259|0.954670|8.554709|away
345556|363|chelsea|2|4.045689|0.929503|11.445718|home|318|swansea_city|0|4.865117|0.979798|7.093064|away
345557|350|wigan_athletic|2|2.427494|0.471154|6.792747|home|367|tottenham_hotspur|2|4.590475|0.873916|10.222061|away
345558|382|manchester_city|2|3.909182|1.127002|9.464707|home|371|west_ham_united|1|5.325861|1.179084|11.633872|away
345559|370|fulham|0|3.179959|0.547157|7.637932|home|359|arsenal|1|4.858829|0.924553|6.469460|away
345560|360|manchester_united|3|3.101122|0.905290|8.660901|home|362|aston_villa|0|3.384382|0.592735|5.399308|away
345561|364|liverpool|2|4.148901|0.846293|8.323970|home|363|chelsea|2|4.071740|0.924787|12.394991|away
345562|366|sunderland|1|7.267883|1.063273|8.439508|home|368|everton|0|2.915310|0.623703|5.272188|away
345563|367|tottenham_hotspur|3|5.097203|0.960614|12.533396|home|382|manchester_city|1|3.945268|1.026927|9.412066|away
345564|383|west_bromwich_albion|1|3.830184|0.750431|7.151157|home|361|newcastle_united|1|5.881932|1.009103|8.984053|away
345565|334|queens_park_rangers|0|4.269992|0.920151|11.454944|home|336|stoke_city|2|3.378782|0.845299|10.368309|away
345566|371|west_ham_united|2|5.325861|1.179084|11.633872|home|350|wigan_athletic|0|2.333744|0.450321|6.136497|away
345567|362|aston_villa|1|3.338086|0.549085|5.293488|home|370|fulham|1|3.217214|0.628039|8.044305|away
345568|336|stoke_city|0|3.383503|0.842225|10.457462|home|360|manchester_united|2|3.037102|0.778785|7.920261|away
345569|359|arsenal|3|3.005932|0.868909|5.541488|home|381|norwich_city|1|7.735304|1.440255|10.819702|away
345570|368|everton|2|2.973694|0.656974|6.128977|home|334|queens_park_rangers|0|4.297042|0.957345|11.458889|away
345571|361|newcastle_united|0|5.289740|1.098445|9.895061|home|366|sunderland|3|6.805580|1.007203|8.350949|away
345572|350|wigan_athletic|2|2.460566|0.413602|6.831550|home|318|swansea_city|3|4.545554|0.905795|6.581789|away
345573|363|chelsea|2|4.448952|1.022270|13.828653|home|367|tottenham_hotspur|2|5.099999|1.026297|12.143489|away
345574|382|manchester_city|1|4.083833|1.075516|9.563057|home|383|west_bromwich_albion|0|3.774681|0.644218|6.596104|away
345575|383|west_bromwich_albion|1|4.062893|0.757536|7.580476|home|359|arsenal|2|2.923363|0.790581|5.075847|away
345576|336|stoke_city|1|3.421768|0.927501|10.342668|home|362|aston_villa|3|3.377239|0.597497|5.415975|away
345577|367|tottenham_hotspur|2|5.178709|0.859570|11.169857|home|368|everton|2|2.880360|0.567580|5.271098|away
345578|361|newcastle_united|1|5.196602|1.044381|8.638708|home|370|fulham|0|3.042449|0.594791|6.942003|away
345579|360|manchester_united|1|3.203437|1.052281|9.579188|home|382|manchester_city|2|3.909182|1.127002|9.464707|away
345580|363|chelsea|2|4.248293|0.933701|11.380347|home|366|sunderland|1|6.913819|0.967512|9.360317|away
345581|381|norwich_city|2|7.614856|1.560703|10.461159|home|318|swansea_city|2|4.994866|0.960948|7.700116|away
345582|364|liverpool|0|4.408207|0.899186|8.844218|home|371|west_ham_united|0|5.372162|1.007348|10.089392|away
345583|334|queens_park_rangers|1|3.890904|0.869122|10.459445|home|350|wigan_athletic|1|2.333744|0.450321|6.136497|away
345584|362|aston_villa|1|3.169314|0.618193|5.297933|home|364|liverpool|2|4.422088|0.945799|9.180499|away
345585|366|sunderland|0|6.512956|0.922668|9.077380|home|360|manchester_united|1|2.856456|0.866042|7.368192|away
345586|382|manchester_city|4|3.794076|1.091520|9.678268|home|361|newcastle_united|0|6.111724|1.031381|8.399335|away
345587|350|wigan_athletic|1|2.333744|0.450321|6.136497|home|381|norwich_city|0|6.212151|1.545952|10.301921|away
345588|370|fulham|3|3.123215|0.677265|7.860727|home|334|queens_park_rangers|2|3.890904|0.869122|10.459445|away
345589|368|everton|1|2.880360|0.567580|5.271098|home|336|stoke_city|0|3.378782|0.845299|10.368309|away
345590|318|swansea_city|1|4.975352|0.896928|7.427788|home|367|tottenham_hotspur|2|4.929760|1.034631|11.007775|away
345591|371|west_ham_united|3|5.256121|1.058039|10.825661|home|383|west_bromwich_albion|1|3.923127|0.728559|7.234586|away
345592|318|swansea_city|0|4.981304|0.953476|7.478384|home|359|arsenal|2|3.570334|0.835846|6.036654|away
345593|367|tottenham_hotspur|0|5.065953|0.875793|11.560182|home|370|fulham|1|3.318741|0.706188|8.831541|away
345594|368|everton|2|1.067191|0.542745|5.557807|home|382|manchester_city|0|3.866620|1.053722|8.532593|away
345595|350|wigan_athletic|2|2.352494|0.431571|5.917747|home|361|newcastle_united|1|5.432337|0.899296|7.771635|away
345596|366|sunderland|1|6.218539|0.967458|8.928470|home|381|norwich_city|1|7.805892|1.585353|11.349114|away
345597|362|aston_villa|3|3.405516|0.644562|5.384396|home|334|queens_park_rangers|2|2.330245|0.928369|11.062596|away
345598|336|stoke_city|0|3.384909|0.942725|10.132198|home|383|west_bromwich_albion|0|3.909883|0.702760|7.546248|away
345599|363|chelsea|2|4.035022|0.921503|12.693718|home|371|west_ham_united|0|3.242115|0.880688|9.841534|away
345600|370|fulham|0|3.177999|0.581471|7.522246|home|363|chelsea|3|4.360028|0.975537|13.249735|away
345601|359|arsenal|0|4.858829|0.924553|6.469460|home|368|everton|0|2.889203|0.619551|5.159455|away
345602|371|west_ham_united|2|5.566955|1.170902|11.510730|home|360|manchester_united|2|2.987575|0.865395|8.408177|away
345603|361|newcastle_united|2|5.727787|1.009117|8.786986|home|336|stoke_city|1|3.455170|0.964512|10.937754|away
345604|334|queens_park_rangers|3|5.200031|1.050669|10.204088|home|366|sunderland|1|6.196843|0.851721|8.565751|away
345605|383|west_bromwich_albion|2|3.821945|0.733063|7.499011|home|318|swansea_city|1|5.028243|1.072524|8.396411|away
345606|364|liverpool|3|4.156645|1.091374|9.270780|home|367|tottenham_hotspur|2|4.668783|0.752456|8.420580|away
345607|382|manchester_city|1|3.767052|0.983327|9.493251|home|350|wigan_athletic|0|2.333744|0.450321|6.136497|away
345608|367|tottenham_hotspur|2|4.922320|0.934928|10.046465|home|359|arsenal|1|4.843406|0.925758|6.226352|away
345609|366|sunderland|2|6.624324|0.989775|9.543075|home|370|fulham|2|3.297980|0.710513|8.963029|away
345610|350|wigan_athletic|0|2.333744|0.450321|6.136497|home|364|liverpool|4|4.763780|1.115731|8.483793|away
345611|362|aston_villa|0|3.224786|0.611927|5.183146|home|382|manchester_city|1|3.779718|1.089055|9.369841|away
345612|318|swansea_city|1|4.981304|0.953476|7.478384|home|361|newcastle_united|0|3.678737|0.853055|8.990693|away
345613|360|manchester_united|4|3.007484|0.901525|9.035025|home|381|norwich_city|0|7.741000|1.660050|11.242205|away
345614|363|chelsea|1|4.035022|0.921503|12.693718|home|383|west_bromwich_albion|0|4.144012|0.750323|7.391287|away
345615|336|stoke_city|0|3.353721|0.964512|10.872536|home|371|west_ham_united|1|3.474571|0.960206|10.678915|away
345616|359|arsenal|2|4.899266|0.956894|6.700711|home|362|aston_villa|1|2.550342|0.676372|5.229813|away
345617|382|manchester_city|2|3.912530|0.987493|10.135466|home|363|chelsea|0|4.035022|0.921503|12.693718|away
345618|381|norwich_city|2|7.741000|1.660050|11.242205|home|368|everton|1|2.947880|0.646593|5.884027|away
345619|334|queens_park_rangers|0|4.186358|0.924439|11.160171|home|360|manchester_united|2|2.885195|0.970768|8.930245|away
345620|370|fulham|1|3.243863|0.659729|8.260284|home|336|stoke_city|0|3.477602|1.059583|11.536667|away
345621|383|west_bromwich_albion|2|3.939208|0.765316|7.563992|home|366|sunderland|1|6.251465|0.944158|9.166591|away
345622|364|liverpool|5|4.692109|1.180247|9.623195|home|318|swansea_city|0|4.664602|0.900167|7.195209|away
345623|371|west_ham_united|2|3.472015|0.990195|11.236436|home|367|tottenham_hotspur|3|4.735108|0.897486|9.066627|away
345624|366|sunderland|0|6.201426|0.871202|8.894246|home|359|arsenal|1|5.116009|0.913512|5.636393|away
345625|360|manchester_united|2|2.839535|0.849088|8.271454|home|368|everton|0|2.947880|0.628074|5.809953|away
345626|381|norwich_city|0|7.512978|1.495826|10.233588|home|370|fulham|0|3.230088|0.631837|8.120137|away
345627|367|tottenham_hotspur|2|4.937489|0.957010|10.959484|home|361|newcastle_united|1|5.399437|0.998112|8.903473|away
345628|318|swansea_city|4|4.980951|0.957237|7.671823|home|334|queens_park_rangers|1|3.974970|0.901592|10.510204|away
345629|364|liverpool|0|4.163936|0.920540|8.787968|home|383|west_bromwich_albion|2|3.883103|0.776932|7.615896|away
345630|362|aston_villa|2|3.322213|0.584799|5.575234|home|371|west_ham_united|1|3.534009|1.103585|11.874612|away
345631|363|chelsea|4|4.288110|0.970165|11.630248|home|350|wigan_athletic|1|2.330619|0.457612|6.313581|away
345632|368|everton|3|2.960226|0.637333|5.880941|home|362|aston_villa|3|3.441790|0.598291|5.836345|away
345633|361|newcastle_united|3|4.925878|0.984416|8.678310|home|363|chelsea|2|4.294360|0.980433|11.473551|away
345634|382|manchester_city|2|4.175056|1.133277|10.255850|home|364|liverpool|2|4.009685|0.893352|8.976911|away
345635|370|fulham|0|3.054270|0.650528|7.335548|home|360|manchester_united|1|2.981900|0.885320|8.363302|away
345636|334|queens_park_rangers|0|3.949573|0.877782|10.334013|home|381|norwich_city|0|7.520997|1.531846|11.471077|away
345637|359|arsenal|1|4.826316|0.885550|5.910517|home|336|stoke_city|0|3.444884|0.937991|10.585481|away
345638|371|west_ham_united|1|3.568577|1.083215|12.092514|home|318|swansea_city|0|5.110273|1.108689|7.898568|away
345639|383|west_bromwich_albion|0|3.846524|0.753699|7.406059|home|367|tottenham_hotspur|1|4.614284|0.876893|10.251822|away
345640|368|everton|2|3.031564|0.673949|6.000891|home|383|west_bromwich_albion|1|3.823899|0.736505|7.334565|away
345641|370|fulham|3|3.236019|0.717082|8.663225|home|371|west_ham_united|1|5.367343|1.197602|11.874612|away
345642|359|arsenal|2|4.432093|0.771056|4.996344|home|364|liverpool|2|4.009685|0.893352|8.976911|away
345643|334|queens_park_rangers|0|4.932486|0.906485|8.689550|home|382|manchester_city|0|3.914115|1.062448|9.614859|away
345644|362|aston_villa|1|3.444217|0.701325|6.111882|home|361|newcastle_united|2|5.318041|0.895754|7.856601|away
345645|366|sunderland|0|6.003981|0.856886|8.662974|home|318|swansea_city|0|5.408858|1.203193|8.714025|away
345646|381|norwich_city|1|7.261168|1.532131|10.944866|home|367|tottenham_hotspur|1|4.583034|0.809928|9.350037|away
345647|336|stoke_city|2|3.378085|0.828202|10.045137|home|350|wigan_athletic|2|2.173355|0.423131|5.566844|away
345648|363|chelsea|2|4.489311|0.985082|11.749978|home|359|arsenal|1|3.934935|0.749210|5.078296|away
345649|383|west_bromwich_albion|2|3.691625|0.682813|7.382840|home|362|aston_villa|2|2.748080|0.772119|6.086591|away
345650|382|manchester_city|2|3.958048|1.090552|10.040488|home|370|fulham|0|3.224003|0.622612|8.143416|away
345651|367|tottenham_hotspur|1|4.321480|0.887878|10.105405|home|360|manchester_united|1|2.881915|0.788067|7.796397|away
345652|364|liverpool|5|3.977822|1.008548|8.755833|home|381|norwich_city|0|3.616759|1.443195|10.889676|away
345653|371|west_ham_united|1|3.387870|1.010581|10.386220|home|334|queens_park_rangers|1|4.140627|0.727172|9.664285|away
345654|318|swansea_city|3|5.293804|1.051690|8.322134|home|336|stoke_city|1|3.433612|0.933666|10.778626|away
345655|350|wigan_athletic|2|2.309190|0.439160|5.831438|home|366|sunderland|3|5.954248|0.899667|8.256022|away
345656|336|stoke_city|0|3.357352|0.936495|10.399606|home|363|chelsea|4|4.454493|0.976175|11.658480|away
345657|360|manchester_united|2|2.781325|0.841982|7.074047|home|364|liverpool|1|4.004783|0.839430|8.630833|away
345658|359|arsenal|0|4.383623|0.708131|4.413011|home|382|manchester_city|2|3.927809|1.040026|8.664555|away
345659|381|norwich_city|0|3.547115|1.393958|10.615239|home|361|newcastle_united|0|4.868975|0.821120|6.096491|away
345660|368|everton|0|2.954408|0.712230|5.782419|home|318|swansea_city|0|5.103655|1.059780|7.720922|away
345661|334|queens_park_rangers|0|4.074446|0.592225|9.859674|home|367|tottenham_hotspur|0|4.804813|1.019359|12.349849|away
345662|366|sunderland|3|6.046160|0.947461|8.539110|home|371|west_ham_united|0|3.362913|0.932376|10.455451|away
345663|370|fulham|1|4.989801|0.734729|8.715536|home|350|wigan_athletic|1|2.398480|0.454257|5.953534|away
345664|318|swansea_city|2|5.178794|1.063491|8.019624|home|362|aston_villa|2|3.233903|0.589511|4.238559|away
345665|361|newcastle_united|1|4.292865|0.687395|4.998824|home|368|everton|2|3.035941|0.680852|5.872439|away
345666|383|west_bromwich_albion|1|3.981308|0.703272|7.594895|home|370|fulham|2|2.784186|0.580796|7.073381|away
345667|350|wigan_athletic|0|2.398480|0.454257|5.953534|home|360|manchester_united|4|2.769643|0.838349|7.093435|away
345668|371|west_ham_united|2|3.661721|1.071803|9.493868|home|381|norwich_city|1|3.236372|1.381690|9.141123|away
345669|363|chelsea|0|2.025101|0.916891|9.601660|home|334|queens_park_rangers|1|3.816636|0.587476|9.922874|away
345670|382|manchester_city|3|3.915821|1.055001|8.950513|home|336|stoke_city|0|3.357352|0.936495|10.399606|away
345671|364|liverpool|3|4.355976|0.880799|8.554944|home|366|sunderland|0|5.731551|0.914168|8.303028|away
345672|368|everton|1|3.140551|0.688222|5.705102|home|363|chelsea|2|4.322795|1.021859|10.353622|away
345673|334|queens_park_rangers|0|3.821398|0.604143|9.906207|home|364|liverpool|3|4.793671|1.126601|8.741945|away
345674|381|norwich_city|3|3.585713|1.362222|11.168361|home|382|manchester_city|4|3.999956|1.115097|9.680481|away
345675|359|arsenal|7|4.521293|0.884704|5.997832|home|361|newcastle_united|3|5.418902|0.761210|8.112733|away
345676|370|fulham|1|2.673416|0.653613|7.194872|home|318|swansea_city|2|4.889602|0.994486|7.893694|away
345677|366|sunderland|1|6.050774|0.955150|8.324962|home|367|tottenham_hotspur|2|4.520138|0.971274|11.734234|away
345678|360|manchester_united|2|2.932877|0.857851|7.388749|home|383|west_bromwich_albion|0|4.156997|0.735186|7.525880|away
345679|362|aston_villa|0|3.235864|0.565982|3.966010|home|350|wigan_athletic|3|2.398480|0.454257|5.953534|away
345680|381|norwich_city|0|3.811612|1.462304|12.030698|home|363|chelsea|1|4.211684|0.999423|9.857896|away
345681|336|stoke_city|3|3.357352|0.936495|10.399606|home|364|liverpool|1|4.176057|0.965427|9.277173|away
345682|366|sunderland|1|5.731551|0.914168|8.303028|home|382|manchester_city|0|3.910821|1.020001|8.748013|away
345683|360|manchester_united|4|2.613814|0.710589|6.002591|home|361|newcastle_united|3|4.990544|0.758608|7.939634|away
345684|362|aston_villa|0|3.212895|0.581108|3.889820|home|367|tottenham_hotspur|4|4.355641|0.899660|9.672602|away
345685|334|queens_park_rangers|1|3.762668|0.576365|9.845096|home|383|west_bromwich_albion|2|3.982831|0.785240|7.819866|away
345686|359|arsenal|5|4.433293|0.803519|5.244243|home|371|west_ham_united|1|5.198981|1.149043|10.669553|away
345687|368|everton|2|2.996211|0.683209|5.755941|home|350|wigan_athletic|1|2.398480|0.454257|5.953534|away
345688|350|wigan_athletic|0|2.269408|0.436283|5.800188|home|359|arsenal|1|4.271629|0.908563|6.182682|away
345689|363|chelsea|8|4.322795|1.021859|10.353622|home|362|aston_villa|0|3.082020|0.564697|4.030861|away
345690|371|west_ham_united|1|3.549094|1.119398|10.515977|home|368|everton|2|2.924872|0.646593|5.635992|away
345691|364|liverpool|4|4.361532|0.941910|8.947166|home|370|fulham|0|4.880732|0.666764|7.156335|away
345692|318|swansea_city|1|4.877986|0.935647|7.658593|home|360|manchester_united|1|3.026514|0.953000|8.978378|away
345693|383|west_bromwich_albion|2|3.941460|0.760676|7.621741|home|381|norwich_city|1|3.821297|1.188898|10.795469|away
345694|361|newcastle_united|1|5.192706|0.800670|8.107031|home|334|queens_park_rangers|0|4.699972|0.738866|9.337460|away
345695|367|tottenham_hotspur|0|4.355641|0.899660|9.672602|home|336|stoke_city|0|3.281265|0.859684|9.660475|away
345696|364|liverpool|1|4.170849|0.908135|8.896964|home|362|aston_villa|3|3.096259|0.585472|4.656912|away
345697|336|stoke_city|1|3.324916|0.932700|10.541427|home|368|everton|1|2.963873|0.662025|6.036945|away
345698|334|queens_park_rangers|2|3.821398|0.604143|9.906207|home|370|fulham|1|3.084549|0.631963|8.519982|away
345699|361|newcastle_united|1|4.730464|0.766681|8.062917|home|382|manchester_city|3|3.815900|0.886974|8.952767|away
345700|360|manchester_united|3|2.872348|0.897249|8.531992|home|366|sunderland|1|5.831022|0.910023|8.785744|away
345701|367|tottenham_hotspur|1|4.484919|0.926259|11.314715|home|318|swansea_city|0|4.987750|1.061573|7.796977|away
345702|383|west_bromwich_albion|0|4.616444|0.813811|8.068858|home|371|west_ham_united|0|3.709651|1.201185|10.567907|away
345703|381|norwich_city|2|3.827240|1.478234|12.090993|home|350|wigan_athletic|1|2.224765|0.418426|5.532331|away
345704|366|sunderland|1|5.643913|0.852744|7.913851|home|363|chelsea|3|3.714182|0.890165|9.038819|away
345705|371|west_ham_united|2|3.338965|1.123142|10.459077|home|364|liverpool|3|4.154461|0.929788|7.851206|away
345706|382|manchester_city|2|4.233822|1.111799|9.899654|home|360|manchester_united|3|2.544083|0.860748|8.327576|away
345707|370|fulham|2|3.092952|0.638265|8.690151|home|361|newcastle_united|1|5.235149|0.834299|8.369036|away
345708|318|swansea_city|3|5.002700|1.123189|8.211522|home|381|norwich_city|4|3.778790|1.598881|12.009645|away
345709|350|wigan_athletic|2|2.213047|0.391082|5.075300|home|334|queens_park_rangers|2|4.688861|0.763311|9.626349|away
345710|362|aston_villa|0|3.510504|0.638443|5.462664|home|336|stoke_city|0|3.281265|0.859684|9.660475|away
345711|368|everton|2|2.989126|0.656974|6.011693|home|367|tottenham_hotspur|1|4.438044|0.887197|10.800392|away
345712|359|arsenal|2|2.963102|0.707118|5.238435|home|383|west_bromwich_albion|0|4.490049|0.836737|7.756239|away
345713|334|queens_park_rangers|1|4.988065|0.817833|9.206802|home|362|aston_villa|1|3.510504|0.638443|5.462664|away
345714|371|west_ham_united|3|3.709651|1.201185|10.567907|home|363|chelsea|1|3.690707|0.804679|7.507868|away
345715|382|manchester_city|1|4.117482|1.084692|10.499556|home|368|everton|1|3.010702|0.713347|5.903627|away
345716|383|west_bromwich_albion|0|4.279491|0.795807|7.630892|home|336|stoke_city|1|3.205868|0.887065|9.735872|away
345717|381|norwich_city|2|3.813969|1.490155|11.875968|home|366|sunderland|1|5.731551|0.914168|8.303028|away
345718|359|arsenal|0|4.477983|0.853242|5.744771|home|318|swansea_city|2|4.912470|0.949404|6.879698|away
345719|370|fulham|0|3.081870|0.636895|8.578441|home|367|tottenham_hotspur|3|3.992794|0.683514|8.113140|away
345720|361|newcastle_united|3|5.180921|0.798475|8.178189|home|350|wigan_athletic|0|2.211716|0.400225|5.389130|away
345721|368|everton|1|3.010702|0.713347|5.903627|home|359|arsenal|1|4.216541|0.856835|5.684643|away
345722|363|chelsea|0|3.469942|0.761487|7.514448|home|370|fulham|0|3.023046|0.608464|8.067166|away
345723|367|tottenham_hotspur|2|4.054860|0.794191|9.270258|home|364|liverpool|1|4.613462|0.899103|8.663657|away
345724|350|wigan_athletic|0|2.167073|0.382368|5.121273|home|382|manchester_city|2|4.317290|1.161720|10.789353|away
345725|336|stoke_city|2|3.364598|0.937461|10.571586|home|361|newcastle_united|1|4.635347|0.731749|7.589432|away
345726|366|sunderland|0|5.734317|0.901902|8.567218|home|334|queens_park_rangers|0|4.064070|0.678820|9.809249|away
345727|318|swansea_city|3|4.983899|1.100197|7.324142|home|383|west_bromwich_albion|1|4.473842|0.790995|7.484129|away
345728|360|manchester_united|1|2.890789|0.767084|8.009055|home|371|west_ham_united|0|3.598838|1.071166|11.272272|away
345729|362|aston_villa|0|3.230785|0.628189|4.460138|home|359|arsenal|0|4.462460|0.876317|5.644303|away
345730|336|stoke_city|1|3.364598|0.937461|10.571586|home|370|fulham|0|3.191153|0.646493|8.446364|away
345731|318|swansea_city|0|5.074375|1.144543|7.800035|home|364|liverpool|0|4.426391|0.973648|9.358809|away
345732|363|chelsea|0|3.469942|0.761487|7.514448|home|382|manchester_city|0|4.276875|1.190902|10.739414|away
345733|368|everton|1|2.929220|0.729508|5.165748|home|381|norwich_city|1|6.402669|1.451151|11.673805|away
345734|360|manchester_united|3|2.919597|0.765445|8.068224|home|334|queens_park_rangers|1|3.827747|0.627952|10.099064|away
345735|366|sunderland|2|5.712095|0.912087|8.407958|home|383|west_bromwich_albion|4|4.517004|0.813531|7.931417|away
345736|367|tottenham_hotspur|3|4.035763|0.757732|8.959494|home|371|west_ham_united|1|3.498135|1.162358|11.672168|away
345737|382|manchester_city|5|4.213651|1.134391|10.030415|home|362|aston_villa|0|3.214119|0.619459|4.387916|away
345738|383|west_bromwich_albion|2|4.554243|0.863316|7.967945|home|363|chelsea|1|3.577510|0.778919|8.340979|away
345739|381|norwich_city|1|6.432584|1.451151|11.861840|home|360|manchester_united|0|1.418648|0.793435|7.124654|away
345740|371|west_ham_united|1|3.560518|1.023695|10.813137|home|336|stoke_city|1|3.343231|0.914385|10.361330|away
345741|370|fulham|1|5.265414|0.739221|8.456551|home|366|sunderland|3|5.740433|0.912929|8.424513|away
345742|361|newcastle_united|1|4.513432|0.738387|6.919349|home|318|swansea_city|2|5.009972|1.139351|8.285866|away
345743|359|arsenal|5|4.565655|0.876279|6.196859|home|367|tottenham_hotspur|2|4.500693|0.927524|10.951508|away
345744|364|liverpool|3|4.344573|0.882739|7.922445|home|350|wigan_athletic|0|2.504869|0.504535|6.695200|away
345745|359|arsenal|3|4.648849|0.868716|6.554002|home|370|fulham|3|5.019213|0.739631|8.879751|away
345746|363|chelsea|1|3.572575|0.749548|7.929181|home|364|liverpool|1|4.643951|1.150387|9.261780|away
345747|362|aston_villa|2|3.403184|0.647495|4.587205|home|360|manchester_united|3|2.986799|0.871595|8.571128|away
345748|336|stoke_city|1|3.324916|0.932700|10.541427|home|334|queens_park_rangers|0|3.708861|0.703126|10.854682|away
345749|368|everton|2|3.048848|0.685061|5.850273|home|366|sunderland|1|5.741240|0.867860|8.409256|away
345750|382|manchester_city|2|4.104833|1.065426|9.381469|home|367|tottenham_hotspur|1|4.481596|0.891066|10.640744|away
345751|350|wigan_athletic|1|2.513758|0.488979|6.795200|home|383|west_bromwich_albion|2|4.313679|0.800081|7.780465|away
345752|361|newcastle_united|0|5.014290|0.936241|9.518238|home|371|west_ham_united|1|3.648884|1.078563|9.973506|away
345753|360|manchester_united|2|2.954922|0.909943|8.727780|home|359|arsenal|1|2.344227|0.769137|6.718288|away
345754|366|sunderland|0|5.712095|0.912087|8.407958|home|362|aston_villa|1|3.203008|0.628189|4.469398|away
345755|318|swansea_city|1|5.292827|1.195435|8.023249|home|363|chelsea|1|3.633472|0.598177|7.255120|away
345756|370|fulham|2|4.968793|0.709098|8.312805|home|368|everton|2|3.033416|0.685061|5.967557|away
345757|371|west_ham_united|0|3.858069|1.103800|10.136554|home|382|manchester_city|0|3.994205|0.968735|9.687145|away
345758|364|liverpool|1|4.565812|1.029231|8.361734|home|361|newcastle_united|1|5.327954|0.857961|8.990361|away
345759|381|norwich_city|1|6.447415|1.400874|11.999597|home|336|stoke_city|0|3.324916|0.932700|10.541427|away
345760|367|tottenham_hotspur|0|4.465971|0.875441|10.630327|home|350|wigan_athletic|1|2.491535|0.477868|6.561867|away
345761|368|everton|2|3.014338|0.660878|5.415894|home|364|liverpool|2|4.596368|0.837564|8.220067|away
345762|363|chelsea|2|3.577510|0.778919|8.340979|home|360|manchester_united|3|2.911395|1.003439|9.145681|away
345763|362|aston_villa|1|3.383333|0.620170|5.382330|home|381|norwich_city|1|4.837755|1.544937|12.077383|away
345764|359|arsenal|1|2.301370|0.826279|6.775430|home|334|queens_park_rangers|0|3.975087|0.741968|11.033339|away
345765|336|stoke_city|0|3.258644|0.882436|9.583961|home|366|sunderland|0|5.712095|0.912087|8.407958|away
345766|382|manchester_city|1|4.053589|0.986880|9.853690|home|318|swansea_city|0|5.178794|1.063491|8.019624|away
345767|361|newcastle_united|2|5.327954|0.857961|8.990361|home|383|west_bromwich_albion|1|3.980009|0.687901|6.832402|away
345768|350|wigan_athletic|2|2.520702|0.498702|6.953534|home|371|west_ham_united|1|3.884735|1.094911|10.486554|away
345769|381|norwich_city|1|4.897585|1.604766|12.607298|home|359|arsenal|0|2.490884|0.791731|6.332764|away
345770|370|fulham|1|4.799675|0.679932|8.349814|home|362|aston_villa|0|3.402787|0.685090|5.919332|away
345771|367|tottenham_hotspur|2|4.412151|0.849399|10.188487|home|363|chelsea|4|3.566966|0.862475|9.466634|away
345772|334|queens_park_rangers|1|4.229581|0.760580|11.548724|home|368|everton|1|2.977860|0.662333|5.540789|away
345773|383|west_bromwich_albion|1|3.787068|0.653319|6.754026|home|382|manchester_city|2|3.663471|0.978481|9.507695|away
345774|366|sunderland|1|5.691892|0.881784|7.997184|home|361|newcastle_united|1|5.315608|0.870307|9.200237|away
345775|360|manchester_united|4|2.953023|0.870199|8.351745|home|336|stoke_city|2|3.258644|0.882436|9.583961|away
345776|318|swansea_city|2|5.233739|1.074823|8.498676|home|350|wigan_athletic|1|2.513523|0.494599|6.994559|away
345777|371|west_ham_united|1|5.647416|1.217984|11.893868|home|359|arsenal|3|2.454659|0.805032|6.915183|away
345778|367|tottenham_hotspur|2|4.487151|0.940024|11.499425|home|362|aston_villa|0|3.390518|0.652849|5.724430|away
345779|350|wigan_athletic|2|2.513523|0.494599|6.994559|home|368|everton|2|2.980265|0.639846|5.171020|away
345780|361|newcastle_united|0|4.111637|0.721078|8.971287|home|360|manchester_united|3|2.895930|0.817431|7.882022|away
345781|363|chelsea|4|3.510022|0.854836|9.027051|home|381|norwich_city|1|6.417167|1.408336|12.076730|away
345782|383|west_bromwich_albion|3|3.877264|0.625868|6.908274|home|334|queens_park_rangers|2|3.968285|0.736865|11.157489|away
345783|364|liverpool|0|4.699017|0.858295|7.980223|home|336|stoke_city|0|3.515500|0.979055|10.914174|away
345784|382|manchester_city|3|3.650905|1.067105|9.909315|home|366|sunderland|0|5.701152|0.883327|7.870641|away
345785|359|arsenal|1|2.392194|0.711280|6.253343|home|363|chelsea|2|3.510022|0.854836|9.027051|away
345786|381|norwich_city|2|6.353665|1.430597|11.858963|home|364|liverpool|5|4.699017|0.861325|8.501435|away
345787|370|fulham|1|4.954241|0.597749|7.107147|home|382|manchester_city|2|4.032453|1.156028|10.149119|away
345788|336|stoke_city|2|3.469806|0.936940|10.157481|home|318|swansea_city|0|5.233739|1.074823|8.498676|away
345789|360|manchester_united|2|2.928137|0.828343|8.346089|home|367|tottenham_hotspur|3|4.264073|0.813803|9.632719|away
345790|362|aston_villa|1|3.390518|0.652849|5.724430|home|383|west_bromwich_albion|1|4.008429|0.766113|7.705600|away
345791|334|queens_park_rangers|1|4.301743|0.726881|11.687552|home|371|west_ham_united|2|5.538819|1.134273|10.086175|away
345792|366|sunderland|1|5.759084|0.873821|8.339446|home|350|wigan_athletic|0|2.513523|0.494599|6.994559|away
345793|382|manchester_city|1|4.054069|1.063866|10.275142|home|359|arsenal|1|2.315764|0.694515|5.654724|away
345794|318|swansea_city|0|5.230168|1.071847|8.354033|home|368|everton|3|2.810331|0.606077|4.728755|away
345795|350|wigan_athletic|1|2.610348|0.628726|7.905671|home|370|fulham|2|4.864172|0.646298|7.845188|away
345796|364|liverpool|1|4.617704|0.854254|7.763051|home|360|manchester_united|2|2.909646|0.863005|7.426486|away
345797|361|newcastle_united|1|5.438988|0.866769|9.393723|home|381|norwich_city|0|6.413179|1.302638|11.910633|away
345798|367|tottenham_hotspur|2|4.264073|0.813803|9.632719|home|334|queens_park_rangers|1|3.826160|0.603349|10.027636|away
345799|363|chelsea|1|3.510022|0.854836|9.027051|home|336|stoke_city|0|3.316721|0.900761|9.767780|away
345800|371|west_ham_united|1|5.488246|1.188572|10.705286|home|366|sunderland|1|5.700226|0.859252|8.324295|away
345801|334|queens_park_rangers|0|3.819711|0.714725|11.157783|home|363|chelsea|0|3.460419|0.675868|8.808003|away
345802|366|sunderland|1|5.952803|0.885103|8.028807|home|364|liverpool|1|4.405802|0.886091|8.624451|away
345803|336|stoke_city|1|3.280742|0.892296|9.756757|home|382|manchester_city|1|5.692726|1.172350|9.923918|away
345804|368|everton|2|2.983533|0.682330|5.201086|home|361|newcastle_united|2|5.534488|0.944701|9.869388|away
345805|362|aston_villa|2|3.471995|0.693389|6.084104|home|318|swansea_city|0|5.221141|1.067530|8.314394|away
345806|370|fulham|3|4.906974|0.624021|6.886973|home|383|west_bromwich_albion|0|4.131081|0.777474|8.216445|away
345807|381|norwich_city|0|4.757692|1.463860|11.666106|home|371|west_ham_united|0|5.459924|1.121469|10.217923|away
345808|360|manchester_united|4|3.110316|0.860876|7.616278|home|350|wigan_athletic|0|2.643681|0.649096|8.476041|away
345809|364|liverpool|0|4.153719|0.873591|8.418201|home|359|arsenal|2|2.394759|0.708716|6.186676|away
345810|361|newcastle_united|1|5.382273|0.894006|8.976233|home|362|aston_villa|1|3.775994|0.741491|6.485451|away
345811|383|west_bromwich_albion|2|4.153706|0.806433|8.276173|home|368|everton|0|3.004409|0.693946|5.423813|away
345812|371|west_ham_united|3|5.821684|1.105227|11.664410|home|370|fulham|0|4.497711|0.624843|7.995885|away
345813|367|tottenham_hotspur|1|5.066517|1.019141|9.863760|home|381|norwich_city|1|4.802291|1.477595|11.800519|away
345814|382|manchester_city|3|3.382266|0.869354|8.985524|home|334|queens_park_rangers|1|4.519120|0.748540|9.430654|away
345815|350|wigan_athletic|2|2.643681|0.649096|8.476041|home|336|stoke_city|2|3.424454|0.961191|10.236232|away
345816|318|swansea_city|2|4.904018|1.045171|8.339863|home|366|sunderland|2|6.032312|0.907404|8.394353|away
345817|336|stoke_city|0|3.208180|0.880125|9.200706|home|359|arsenal|0|2.352451|0.701024|5.994369|away
345818|362|aston_villa|1|3.448095|0.630992|5.745353|home|368|everton|3|3.001141|0.669981|5.575229|away
345819|360|manchester_united|3|3.012970|0.967528|8.958647|home|370|fulham|2|4.423815|0.528707|6.458367|away
345820|364|liverpool|2|4.073712|0.917490|9.364146|home|382|manchester_city|2|3.282343|0.816838|8.206678|away
345821|363|chelsea|2|3.374931|0.859969|8.790485|home|361|newcastle_united|0|5.423787|0.947578|9.486459|away
345822|381|norwich_city|1|4.933234|1.537432|12.374847|home|334|queens_park_rangers|1|4.858914|0.862993|9.822010|away
345823|367|tottenham_hotspur|1|5.162834|1.076024|9.948656|home|383|west_bromwich_albion|1|4.042979|0.783595|7.833959|away
345824|318|swansea_city|3|4.704659|1.116753|9.138562|home|371|west_ham_united|0|5.691169|1.134061|10.364043|away
345825|371|west_ham_united|1|5.659919|1.083168|10.495293|home|362|aston_villa|0|3.423585|0.623149|5.902215|away
345826|350|wigan_athletic|0|2.757015|0.626874|10.189374|home|363|chelsea|2|3.328986|0.863596|8.446828|away
345827|383|west_bromwich_albion|3|4.129999|0.679358|7.011368|home|364|liverpool|0|4.003539|0.990059|10.588537|away
345828|368|everton|1|2.974106|0.712465|5.536608|home|360|manchester_united|0|3.005455|0.976976|9.698204|away
345829|370|fulham|5|4.451830|0.569780|7.114113|home|381|norwich_city|0|4.734858|1.680701|12.113838|away
345830|359|arsenal|0|4.311340|0.869123|6.406492|home|366|sunderland|0|5.604866|0.830766|8.140037|away
345831|334|queens_park_rangers|0|4.871506|0.815586|9.532380|home|318|swansea_city|5|4.490145|0.888273|7.200604|away
345832|361|newcastle_united|2|5.383717|0.926359|9.800627|home|367|tottenham_hotspur|1|4.814286|0.923200|8.452356|away
345833|371|west_ham_united|4|5.695148|1.104743|10.850606|home|338|reading|2|2.822186|0.983299|6.601707|away
345834|338|reading|0|2.896838|1.031476|6.813513|home|382|manchester_city|2|3.948177|1.126630|9.886616|away
345835|370|fulham|2|3.022841|0.594791|6.883179|home|338|reading|4|3.066109|1.108299|7.456742|away
345836|338|reading|0|3.066109|1.108299|7.456742|home|334|queens_park_rangers|0|3.892090|0.828576|9.762358|away
345837|381|norwich_city|2|7.614891|1.559726|10.874225|home|338|reading|1|2.833229|1.035577|7.235897|away
345838|338|reading|0|2.965582|1.080920|7.711387|home|364|liverpool|0|4.408207|0.899186|8.844218|away
345839|359|arsenal|4|3.673363|0.798273|5.110463|home|338|reading|1|2.764601|1.088518|7.297662|away
345840|360|manchester_united|1|3.329486|0.946283|8.956548|home|338|reading|0|2.823845|1.058791|7.122872|away
345841|338|reading|1|1.395706|0.927280|7.751848|home|362|aston_villa|2|3.405516|0.644562|5.384396|away
345842|368|everton|3|1.138813|0.581241|6.402904|home|338|reading|1|1.500146|1.025912|8.085665|away
345843|338|reading|0|4.289074|1.323782|8.108562|home|350|wigan_athletic|3|2.333744|0.450321|6.136497|away
345844|336|stoke_city|2|3.444884|0.937991|10.585481|home|338|reading|1|4.134125|1.255794|7.946975|away
345845|338|reading|2|4.007737|1.228248|7.575216|home|366|sunderland|1|6.300200|0.946697|9.641965|away
345846|338|reading|2|4.155250|1.294615|7.714935|home|363|chelsea|2|2.469558|0.941667|11.457702|away
345847|361|newcastle_united|1|4.497841|0.872703|6.999019|home|338|reading|2|4.078981|1.279662|8.048416|away
345848|338|reading|3|4.239090|1.320623|7.850984|home|383|west_bromwich_albion|2|3.991681|0.725150|7.267092|away
345849|367|tottenham_hotspur|3|4.431596|0.877524|10.908713|home|338|reading|1|4.510256|1.348643|8.313126|away
345850|338|reading|1|4.510256|1.348643|8.313126|home|371|west_ham_united|0|3.451435|1.033944|9.877782|away
345851|338|reading|0|4.510256|1.348643|8.313126|home|318|swansea_city|0|4.884046|0.941708|7.846472|away
345852|382|manchester_city|1|5.725689|1.156364|8.900475|home|338|reading|0|4.557039|1.377701|8.638875|away
345853|338|reading|2|4.544452|1.337622|8.223498|home|359|arsenal|5|4.517722|0.870419|6.066880|away
345854|338|reading|3|4.537459|1.300478|8.275870|home|360|manchester_united|4|2.775825|0.843516|7.994663|away
345855|362|aston_villa|1|3.180785|0.636126|4.482361|home|338|reading|0|4.511677|1.249436|7.928474|away
345856|350|wigan_athletic|3|2.339750|0.446321|5.834486|home|338|reading|2|4.525422|1.245385|8.035824|away
345857|338|reading|2|4.525422|1.245385|8.035824|home|368|everton|1|3.110768|0.722536|5.846962|away
345858|338|reading|0|4.532524|1.385655|8.359687|home|381|norwich_city|0|6.432584|1.451151|11.861840|away
345859|334|queens_park_rangers|1|3.708861|0.703126|10.854682|home|338|reading|1|6.020222|1.523353|8.501751|away
345860|338|reading|3|6.008474|1.518184|8.580228|home|370|fulham|3|5.027616|0.752236|9.022609|away
345861|364|liverpool|1|4.582906|1.090769|8.805324|home|338|reading|0|2.894692|1.250820|7.956924|away
345862|318|swansea_city|2|5.227617|1.088429|8.597655|home|338|reading|2|3.165846|1.367955|8.511316|away
345863|338|reading|2|3.073584|1.300495|9.206257|home|361|newcastle_united|2|5.327876|0.758925|7.989720|away
345864|383|west_bromwich_albion|1|4.029405|0.751921|7.671063|home|338|reading|0|2.873059|1.068947|7.743605|away
345865|338|reading|1|2.921378|1.115690|7.788423|home|367|tottenham_hotspur|3|4.528818|0.971274|11.645258|away
345866|363|chelsea|4|3.380400|0.868954|8.653376|home|338|reading|2|5.927494|1.349228|8.277038|away
345867|366|sunderland|3|5.684076|0.897838|7.929964|home|338|reading|0|4.305765|1.135038|7.064441|away
345868|338|reading|1|5.973510|1.300465|8.320765|home|336|stoke_city|1|3.205484|0.855325|8.901306|away
345872|376|southampton|1|6.946080|1.391357|9.379176|home|336|stoke_city|1|3.385623|0.841907|9.027929|away
345873|366|sunderland|1|6.781716|0.890158|7.574055|home|376|southampton|1|7.978415|1.452627|8.916923|away
345874|367|tottenham_hotspur|1|5.096427|1.031655|12.289025|home|376|southampton|0|9.112457|1.555229|8.915131|away
345875|376|southampton|0|8.396610|1.498303|7.900463|home|383|west_bromwich_albion|3|4.090441|0.727109|7.290395|away
345876|318|swansea_city|0|4.865117|0.979798|7.093064|home|376|southampton|0|7.980169|1.568416|9.387099|away
345877|376|southampton|1|9.130965|1.732788|9.985114|home|371|west_ham_united|1|5.448978|1.030877|10.836796|away
345878|338|reading|0|5.554394|1.297836|7.828804|home|376|southampton|2|8.364467|1.680446|10.029034|away
345879|376|southampton|2|8.728401|1.568685|8.236396|home|363|chelsea|1|4.210499|0.805993|12.443613|away
345880|376|southampton|3|8.362588|1.556386|9.525275|home|364|liverpool|1|4.433754|1.151434|9.771372|away
345881|381|norwich_city|0|7.741000|1.660050|11.242205|home|376|southampton|0|8.391287|1.490059|9.698744|away
345882|376|southampton|1|8.312880|1.817351|10.235383|home|334|queens_park_rangers|2|3.999237|0.906820|10.801111|away
345883|361|newcastle_united|4|3.697120|0.827320|8.862017|home|376|southampton|2|7.980169|1.568416|9.387099|away
345884|376|southampton|3|7.865566|1.667622|9.522337|home|382|manchester_city|1|3.836637|1.067850|9.329663|away
345885|350|wigan_athletic|2|2.330619|0.457612|6.313581|home|376|southampton|2|7.817947|1.696194|9.693765|away
345886|360|manchester_united|2|2.844274|0.768834|7.884836|home|376|southampton|1|7.832233|1.667622|9.522337|away
345887|376|southampton|0|8.167869|1.634357|8.607265|home|368|everton|0|2.962078|0.648444|5.847608|away
345888|362|aston_villa|0|2.586103|0.762740|5.429424|home|376|southampton|1|9.414101|1.699409|8.922762|away
345889|376|southampton|1|8.930650|1.616706|8.810125|home|359|arsenal|1|3.115239|0.783528|6.437409|away
345890|336|stoke_city|3|3.333942|0.893057|9.912951|home|376|southampton|3|8.894213|1.673386|8.506481|away
345891|370|fulham|1|4.733336|0.636051|6.511740|home|376|southampton|1|8.300683|1.540910|8.315751|away
345892|376|southampton|0|8.300683|1.540910|8.315751|home|366|sunderland|1|5.721234|0.926337|8.237684|away
345893|363|chelsea|2|4.211503|0.929004|11.453551|home|376|southampton|2|8.227392|1.568881|9.035837|away
345894|376|southampton|1|9.090479|1.599185|9.442604|home|338|reading|0|4.697099|1.355430|8.211722|away
345895|364|liverpool|1|4.361532|0.941910|8.947166|home|376|southampton|0|6.521360|1.363403|9.494949|away
345896|376|southampton|1|6.946080|1.391357|9.379176|home|381|norwich_city|1|3.813969|1.490155|11.875968|away
345897|376|southampton|2|6.521360|1.363403|9.494949|home|361|newcastle_united|0|5.097524|0.755575|7.615803|away
345898|334|queens_park_rangers|1|3.530765|0.570851|9.518809|home|376|southampton|3|6.487525|1.416035|9.212994|away
345899|376|southampton|1|6.487525|1.416035|9.212994|home|318|swansea_city|1|5.359154|1.212655|8.692254|away
345900|383|west_bromwich_albion|2|3.962088|0.738491|7.282715|home|376|southampton|0|6.487525|1.416035|9.212994|away
345901|376|southampton|1|8.565488|1.649834|9.873932|home|367|tottenham_hotspur|2|4.011110|0.766066|8.691091|away
345902|371|west_ham_united|4|3.884735|1.083800|10.458777|home|376|southampton|1|9.183886|1.643141|10.090955|away
345903|376|southampton|2|6.578228|1.554073|10.037257|home|370|fulham|2|4.539520|0.579829|6.306386|away
345904|368|everton|3|2.963804|0.615155|5.053736|home|376|southampton|1|7.035823|1.538793|9.884670|away
345905|376|southampton|4|6.931010|1.672396|10.143908|home|362|aston_villa|1|3.471995|0.693389|6.084104|away
345906|359|arsenal|6|4.600755|0.897530|6.542670|home|376|southampton|1|6.147087|1.487506|9.494033|away
345907|376|southampton|2|6.867518|1.672396|10.295312|home|360|manchester_united|3|2.917759|0.832807|7.344305|away
345908|376|southampton|0|6.526431|1.662830|10.861032|home|350|wigan_athletic|2|2.685904|0.644652|8.709374|away
345909|382|manchester_city|3|3.508104|0.898372|9.243361|home|376|southampton|2|6.526431|1.662830|10.861032|away
