MatchID|Team1|InningsNumteam1|runrate_t1|score_t1|mean_sr_t1_bin_5|median_sr_t1_bin_5|mean_er_t1_bin_5|median_er_t1_bin_5|Team2|InningsNumteam2|runrate_t2|score_t2|mean_sr_t2_bin_5|median_sr_t2_bin_5|mean_er_t2_bin_5|median_er_t2_bin_5|Won_By|Winning_type
598073|Chennai_Super_Kings|2|6.250000|125.000000|120.556535|120.454545|7.278087|7.517730|Mumbai_Indians|1|7.400000|148.000000|119.075980|125.408065|7.998402|7.668977|Mumbai_Indians|23_runs
598072|Mumbai_Indians|2|8.520000|169.000000|119.075980|125.408065|7.998402|7.668977|Rajasthan_Royals|1|8.250000|165.000000|129.847433|135.077129|8.069114|8.069114|Mumbai_Indians|4_wickets_(with_1_ball_remaining)
598071|Rajasthan_Royals|2|6.980000|135.000000|129.847433|135.077129|8.069114|8.069114|Sunrisers_Hyderabad|1|6.600000|132.000000|102.201004|112.500000|7.213923|7.315422|Rajasthan_Royals|4_wickets_(with_4_balls_remaining)
598070|Chennai_Super_Kings|1|9.600000|192.000000|120.556535|120.454545|7.278087|7.517730|Mumbai_Indians|2|7.710000|144.000000|105.845315|124.788732|8.073601|8.079387|Chennai_Super_Kings|48_runs
598069|Sunrisers_Hyderabad|2|7.000000|132.000000|104.419690|116.145833|7.007419|6.847826|Kolkata_Knight_Riders|1|6.500000|130.000000|123.639928|124.515303|7.265116|7.055229|Sunrisers_Hyderabad|5_wickets_(with_7_balls_remaining)
598067|Pune_Warriors|1|8.600000|172.000000|118.936412|125.628922|7.452580|7.520833|Delhi_Daredevils|2|6.700000|134.000000|137.589722|138.972431|7.893243|8.000000|Pune_Warriors|38_runs
598068|Royal_Challengers_Bangalore|1|13.250000|106.000000|97.974008|111.496350|7.736896|7.876838|Chennai_Super_Kings|2|10.250000|82.000000|116.769264|118.335381|7.075043|7.404240|Royal_Challengers_Bangalore|24_runs
598066|Kings_XI_Punjab|1|9.150000|183.000000|79.914890|105.882353|8.607209|7.423077|Mumbai_Indians|2|6.930000|133.000000|108.329697|116.341735|7.807561|7.668977|Kings_XI_Punjab|50_runs
598065|Sunrisers_Hyderabad|1|6.800000|136.000000|102.201004|112.500000|7.213923|7.315422|Rajasthan_Royals|2|5.650000|113.000000|129.847433|135.077129|8.069114|8.069114|Sunrisers_Hyderabad|23_runs
598028|Kings_XI_Punjab|1|8.550000|171.000000|79.914890|105.882353|8.607209|7.423077|Delhi_Daredevils|2|8.200000|164.000000|137.574768|138.236216|8.129609|8.308511|Kings_XI_Punjab|7_runs
598063|Mumbai_Indians|1|8.300000|166.000000|115.936028|117.816053|7.543313|7.479675|Rajasthan_Royals|2|7.600000|152.000000|129.847433|135.077129|8.069114|8.069114|Mumbai_Indians|14_runs
598061|Kolkata_Knight_Riders|2|8.150000|163.000000|103.168281|115.467626|7.403498|7.244118|Pune_Warriors|1|8.500000|170.000000|122.832090|136.893204|7.309763|6.875000|Pune_Warriors|7_runs
598062|Chennai_Super_Kings|1|8.400000|168.000000|120.556535|120.454545|7.559729|7.879386|Delhi_Daredevils|2|6.750000|135.000000|131.383508|129.276316|7.739533|8.000000|Chennai_Super_Kings|33_runs
598045|Royal_Challengers_Bangalore|1|8.700000|174.000000|91.970295|122.992701|7.500844|7.794118|Kings_XI_Punjab|2|9.680000|176.000000|88.956112|109.759358|9.199275|9.199275|Kings_XI_Punjab|7_wickets_(with_11_balls_remaining)
598060|Mumbai_Indians|2|9.430000|184.000000|119.075980|125.408065|7.998402|7.668977|Sunrisers_Hyderabad|1|8.900000|178.000000|102.201004|112.500000|7.213923|7.315422|Mumbai_Indians|7_wickets_(with_3_balls_remaining)
598058|Rajasthan_Royals|2|8.380000|144.000000|129.847433|135.077129|8.069114|8.069114|Chennai_Super_Kings|1|7.050000|141.000000|116.769264|118.335381|7.075043|7.404240|Rajasthan_Royals|5_wickets_(with_17_balls_remaining)
598057|Kolkata_Knight_Riders|2|6.000000|116.000000|103.168281|115.467626|7.403498|7.244118|Royal_Challengers_Bangalore|1|5.750000|115.000000|92.298677|91.496350|7.915455|7.944678|Kolkata_Knight_Riders|5_wickets_(with_4_balls_remaining)
598056|Kings_XI_Punjab|2|6.000000|120.000000|79.914890|105.882353|8.607209|7.423077|Sunrisers_Hyderabad|1|7.500000|150.000000|102.201004|112.500000|7.213923|7.315422|Sunrisers_Hyderabad|30_runs
598055|Pune_Warriors|1|5.600000|112.000000|103.379560|100.000000|6.801102|6.781377|Mumbai_Indians|2|6.150000|116.000000|113.730866|117.816053|7.774585|7.479675|Mumbai_Indians|5_wickets_(with_7_balls_remaining)
598054|Delhi_Daredevils|2|8.950000|179.000000|137.589722|138.972431|7.893243|8.000000|Royal_Challengers_Bangalore|1|9.150000|183.000000|92.298677|91.496350|7.915455|7.944678|Royal_Challengers_Bangalore|4_runs
598053|Pune_Warriors|2|5.430000|106.000000|123.275918|138.000000|7.299763|6.875000|Kolkata_Knight_Riders|1|7.600000|152.000000|118.582123|120.114943|7.404198|7.088235|Kolkata_Knight_Riders|46_runs
598052|Kings_XI_Punjab|1|7.250000|145.000000|86.820461|109.759358|8.086023|6.994147|Rajasthan_Royals|2|7.730000|147.000000|103.877947|122.535211|8.157187|8.333333|Rajasthan_Royals|8_wickets_(with_6_balls_remaining)
598051|Sunrisers_Hyderabad|2|7.300000|146.000000|101.124701|112.500000|6.923375|6.847826|Chennai_Super_Kings|1|11.150000|223.000000|116.769264|118.335381|7.075043|7.404240|Chennai_Super_Kings|77_runs
598050|Mumbai_Indians|1|8.500000|170.000000|119.075980|125.408065|7.998402|7.668977|Kolkata_Knight_Riders|2|5.720000|105.000000|116.968799|117.791284|7.396075|7.047619|Mumbai_Indians|65_runs
598049|Rajasthan_Royals|2|8.690000|155.000000|120.544613|122.535211|7.733514|7.138229|Delhi_Daredevils|1|7.700000|154.000000|141.723994|139.486216|7.531353|7.531353|Rajasthan_Royals|9_wickets_(with_13_balls_remaining)
598064|Kings_XI_Punjab|2|10.770000|194.000000|81.457280|105.882353|8.086023|6.994147|Royal_Challengers_Bangalore|1|9.500000|190.000000|93.398866|100.000000|7.692364|7.794118|Kings_XI_Punjab|6_wickets_(with_12_balls_remaining)
598047|Rajasthan_Royals|2|9.170000|182.000000|129.847433|135.077129|8.069114|8.069114|Pune_Warriors|1|8.900000|178.000000|123.275918|138.000000|7.455685|7.537500|Rajasthan_Royals|5_wickets_(with_1_ball_remaining)
598046|Mumbai_Indians|1|6.950000|139.000000|119.075980|125.408065|7.998402|7.668977|Chennai_Super_Kings|2|5.150000|79.000000|116.769264|118.335381|7.207180|7.517730|Mumbai_Indians|60_runs
598044|Sunrisers_Hyderabad|2|5.850000|81.000000|101.124701|112.500000|6.923375|6.847826|Delhi_Daredevils|1|4.170000|80.000000|131.752268|131.585518|7.647287|8.000000|Sunrisers_Hyderabad|6_wickets_(with_37_balls_remaining)
598043|Kolkata_Knight_Riders|2|7.670000|133.000000|106.320651|117.791284|7.343057|7.211111|Rajasthan_Royals|1|6.600000|132.000000|126.347082|122.535211|7.657187|7.138229|Kolkata_Knight_Riders|8_wickets_(with_16_balls_remaining)
598042|Pune_Warriors|2|8.500000|170.000000|104.026194|104.276316|7.160948|6.875000|Royal_Challengers_Bangalore|1|9.350000|187.000000|87.684581|100.000000|7.268933|7.376238|Royal_Challengers_Bangalore|17_runs
598041|Chennai_Super_Kings|1|9.300000|186.000000|123.327715|124.607804|7.278087|7.517730|Kings_XI_Punjab|2|8.550000|171.000000|81.457280|105.882353|8.086023|6.994147|Chennai_Super_Kings|15_runs
598040|Delhi_Daredevils|2|7.680000|137.000000|137.574768|138.236216|8.129609|8.308511|Kolkata_Knight_Riders|1|6.800000|136.000000|127.644180|126.505916|7.682907|7.960526|Delhi_Daredevils|7_wickets_(with_13_balls_remaining)
598039|Sunrisers_Hyderabad|2|7.220000|130.000000|99.228818|104.340278|6.923375|6.847826|Mumbai_Indians|1|6.450000|129.000000|119.075980|125.408065|7.998402|7.668977|Sunrisers_Hyderabad|7_wickets_(with_12_balls_remaining)
598038|Pune_Warriors|2|6.350000|127.000000|115.382756|108.552632|7.699029|8.026251|Chennai_Super_Kings|1|8.200000|164.000000|123.327715|124.607804|7.278087|7.517730|Chennai_Super_Kings|37_runs
598037|Mumbai_Indians|1|8.700000|174.000000|119.075980|125.408065|7.998402|7.668977|Kings_XI_Punjab|2|8.500000|170.000000|81.457280|105.882353|8.086023|6.994147|Mumbai_Indians|4_runs
598036|Rajasthan_Royals|2|8.720000|173.000000|105.289235|117.440445|8.157187|8.333333|Royal_Challengers_Bangalore|1|8.550000|171.000000|93.398866|100.000000|7.692364|7.794118|Rajasthan_Royals|4_wickets_(with_1_ball_remaining)
598035|Delhi_Daredevils|1|8.200000|164.000000|137.574768|138.236216|8.129609|8.308511|Pune_Warriors|2|7.450000|149.000000|115.382756|108.552632|7.699029|8.026251|Delhi_Daredevils|15_runs
598034|Chennai_Super_Kings|1|10.000000|200.000000|119.748655|121.338384|7.139264|7.517730|Kolkata_Knight_Riders|2|9.300000|186.000000|124.720778|126.505916|7.483189|7.491374|Chennai_Super_Kings|14_runs
598033|Mumbai_Indians|1|9.700000|194.000000|119.075980|125.408065|7.998402|7.668977|Royal_Challengers_Bangalore|2|6.800000|136.000000|104.078478|122.992701|7.874589|7.944678|Mumbai_Indians|58_runs
598032|Rajasthan_Royals|2|8.180000|146.000000|129.847433|135.077129|8.069114|8.069114|Sunrisers_Hyderabad|1|7.200000|144.000000|99.228818|104.340278|6.923375|6.847826|Rajasthan_Royals|8_wickets_(with_13_balls_remaining)
598031|Kolkata_Knight_Riders|2|8.180000|150.000000|106.320651|117.791284|7.466551|7.400000|Kings_XI_Punjab|1|7.450000|149.000000|83.008082|113.636364|6.836919|6.565217|Kolkata_Knight_Riders|6_wickets_(with_10_balls_remaining)
598030|Chennai_Super_Kings|2|8.130000|160.000000|116.769264|118.335381|7.075043|7.404240|Sunrisers_Hyderabad|1|7.950000|159.000000|95.669690|100.000000|7.100104|6.847826|Chennai_Super_Kings|5_wickets_(with_2_balls_remaining)
598029|Kolkata_Knight_Riders|1|7.950000|159.000000|103.737028|115.467626|7.466551|7.400000|Mumbai_Indians|2|8.160000|162.000000|119.075980|125.408065|7.998402|7.668977|Mumbai_Indians|5_wickets_(with_1_ball_remaining)
598059|Delhi_Daredevils|1|6.000000|120.000000|131.412366|131.585518|7.739533|8.000000|Kings_XI_Punjab|2|7.110000|121.000000|83.008082|113.636364|8.086023|6.994147|Kings_XI_Punjab|5_wickets_(with_18_balls_remaining)
598027|Royal_Challengers_Bangalore|1|13.150000|263.000000|104.078478|122.992701|7.874589|7.944678|Pune_Warriors|2|6.650000|133.000000|118.459911|122.722918|7.693146|8.026251|Royal_Challengers_Bangalore|130_runs
598026|Chennai_Super_Kings|2|9.370000|186.000000|116.769264|118.335381|7.075043|7.404240|Rajasthan_Royals|1|9.250000|185.000000|129.847433|135.077129|8.069114|8.069114|Chennai_Super_Kings|5_wickets_(with_1_ball_remaining)
598025|Kings_XI_Punjab|2|9.370000|186.000000|83.008082|113.636364|8.086023|6.994147|Pune_Warriors|1|9.250000|185.000000|106.842264|104.276316|7.420249|7.885835|Kings_XI_Punjab|7_wickets_(with_1_ball_remaining)
598024|Delhi_Daredevils|2|9.700000|165.000000|127.900526|126.319075|8.504857|8.308511|Mumbai_Indians|1|8.050000|161.000000|98.914252|120.502474|8.470570|8.544898|Delhi_Daredevils|9_wickets_(with_18_balls_remaining)
598023|Royal_Challengers_Bangalore|2|6.890000|123.000000|104.078478|122.992701|7.874589|7.944678|Rajasthan_Royals|1|5.940000|117.000000|100.453844|111.267606|7.883469|7.735781|Royal_Challengers_Bangalore|7_wickets_(with_13_balls_remaining)
598022|Kolkata_Knight_Riders|1|5.950000|119.000000|103.737028|115.467626|7.466551|7.400000|Chennai_Super_Kings|2|6.460000|124.000000|120.556535|120.454545|7.278087|7.517730|Chennai_Super_Kings|4_wickets_(with_5_balls_remaining)
598021|Sunrisers_Hyderabad|2|6.740000|127.000000|109.754386|111.111111|7.287143|7.783019|Kings_XI_Punjab|1|6.150000|123.000000|82.413602|113.636364|6.508642|6.543840|Sunrisers_Hyderabad|5_wickets_(with_7_balls_remaining)
598020|Delhi_Daredevils|2|4.740000|83.000000|134.054653|135.278975|7.537579|7.531353|Chennai_Super_Kings|1|8.450000|169.000000|120.556535|120.454545|7.278087|7.517730|Chennai_Super_Kings|86_runs
598019|Rajasthan_Royals|1|8.950000|179.000000|129.847433|135.077129|8.069114|8.069114|Mumbai_Indians|2|5.010000|92.000000|117.634107|120.502474|7.646686|7.574326|Rajasthan_Royals|87_runs
598018|Pune_Warriors|2|5.680000|108.000000|111.879338|108.552632|7.632948|8.026251|Sunrisers_Hyderabad|1|5.950000|119.000000|110.211988|111.805556|7.287143|7.783019|Sunrisers_Hyderabad|11_runs
598016|Kings_XI_Punjab|1|7.850000|157.000000|83.008082|113.636364|8.086023|6.994147|Kolkata_Knight_Riders|2|7.650000|153.000000|103.737028|115.467626|7.466551|7.400000|Kings_XI_Punjab|4_runs
598015|Chennai_Super_Kings|2|6.750000|135.000000|118.796619|120.454545|7.638743|7.524590|Pune_Warriors|1|7.950000|159.000000|112.679514|108.552632|7.872559|8.166667|Pune_Warriors|24_runs
598014|Rajasthan_Royals|2|6.510000|126.000000|103.877947|122.535211|8.157187|8.333333|Kings_XI_Punjab|1|6.580000|124.000000|95.746936|113.636364|8.135485|7.423077|Rajasthan_Royals|6_wickets_(with_4_balls_remaining)
598013|Kolkata_Knight_Riders|1|9.000000|180.000000|103.737028|115.467626|7.466551|7.400000|Sunrisers_Hyderabad|2|6.600000|132.000000|112.270141|117.980013|7.287143|7.783019|Kolkata_Knight_Riders|48_runs
598012|Chennai_Super_Kings|2|8.360000|166.000000|117.375149|120.454545|7.139264|7.517730|Royal_Challengers_Bangalore|1|8.250000|165.000000|101.840425|109.090909|7.838875|7.944678|Chennai_Super_Kings|4_wickets_(with_1_ball_remaining)
598011|Mumbai_Indians|1|9.150000|183.000000|117.634107|120.502474|7.646686|7.574326|Pune_Warriors|2|7.100000|142.000000|117.070496|117.165256|7.448872|7.520833|Mumbai_Indians|41_runs
598010|Delhi_Daredevils|1|5.700000|114.000000|134.731094|135.278975|7.497461|7.531353|Sunrisers_Hyderabad|2|5.940000|115.000000|112.270141|117.980013|7.287143|7.783019|Sunrisers_Hyderabad|3_wickets_(with_4_balls_remaining)
598009|Pune_Warriors|2|7.920000|148.000000|117.070496|117.165256|7.448872|7.520833|Rajasthan_Royals|1|7.250000|145.000000|92.538565|111.267606|8.666667|8.666667|Pune_Warriors|7_wickets_(with_8_balls_remaining)
598008|Royal_Challengers_Bangalore|2|9.020000|158.000000|87.684581|100.000000|7.268933|7.376238|Kolkata_Knight_Riders|1|7.700000|154.000000|112.864012|115.467626|7.396075|7.047619|Royal_Challengers_Bangalore|8_wickets_(with_15_balls_remaining)
598007|Kings_XI_Punjab|1|6.950000|138.000000|95.746936|113.636364|8.135485|7.423077|Chennai_Super_Kings|2|8.010000|139.000000|117.375149|120.454545|7.139264|7.517730|Chennai_Super_Kings|10_wickets_(with_16_balls_remaining)
598006|Mumbai_Indians|1|10.450000|209.000000|117.634107|120.502474|7.646686|7.574326|Delhi_Daredevils|2|8.250000|165.000000|130.914982|134.542759|7.797805|8.000000|Mumbai_Indians|44_runs
598048|Royal_Challengers_Bangalore|2|9.160000|162.000000|87.684581|100.000000|7.268933|7.376238|Sunrisers_Hyderabad|1|8.050000|161.000000|112.270141|117.980013|7.287143|7.783019|Royal_Challengers_Bangalore|7_wickets_(with_14_balls_remaining)
598005|Rajasthan_Royals|1|7.200000|144.000000|100.453844|111.267606|7.511292|7.138229|Kolkata_Knight_Riders|2|6.570000|125.000000|122.014339|120.114943|7.613502|7.752002|Rajasthan_Royals|19_runs
598003|Pune_Warriors|1|4.950000|99.000000|110.470747|114.364641|7.591097|7.900699|Kings_XI_Punjab|2|8.100000|100.000000|95.746936|113.636364|8.135485|7.423077|Kings_XI_Punjab|8_wickets_(with_46_balls_remaining)
598002|Chennai_Super_Kings|2|6.950000|139.000000|117.375149|120.454545|7.483802|7.524590|Mumbai_Indians|1|7.400000|148.000000|113.953423|124.788732|8.131405|8.489796|Mumbai_Indians|9_runs
598001|Delhi_Daredevils|2|8.000000|160.000000|114.206790|121.052632|8.447287|8.617021|Rajasthan_Royals|1|8.250000|165.000000|79.030852|100.000000|7.125000|7.125000|Rajasthan_Royals|5_runs
598000|Sunrisers_Hyderabad|1|6.300000|126.000000|112.270141|117.980013|7.287143|7.783019|Pune_Warriors|2|5.520000|104.000000|114.411323|117.165256|7.475423|7.634731|Sunrisers_Hyderabad|22_runs
597999|Royal_Challengers_Bangalore|1|7.800000|156.000000|95.774592|116.924095|7.816968|7.944678|Mumbai_Indians|2|7.700000|154.000000|107.114253|120.502474|8.128232|8.366882|Royal_Challengers_Bangalore|2_runs
597998|Kolkata_Knight_Riders|2|6.910000|129.000000|122.014339|120.114943|7.682907|7.960526|Delhi_Daredevils|1|6.400000|128.000000|114.206790|121.052632|8.447287|8.617021|Kolkata_Knight_Riders|6_wickets_(with_8_balls_remaining)
