MatchID|Team1ID|Team1|score_t1|mean_goals_t1_bin_5|mean_assists_t1_bin_5|mean_shots_t1_bin_5|HAteam01|Team2ID|Team2|score_t2|mean_goals_t2_bin_5|mean_assists_t2_bin_5|mean_shots_t2_bin_5|HAteam02
367138|381|norwich_city|0|5.867889|1.149157|8.675906|home|359|arsenal|2|3.188636|0.751178|6.323678|away
367139|367|tottenham_hotspur|3|5.245326|0.841864|8.593268|home|362|aston_villa|0|2.592168|0.636688|5.634341|away
367140|347|cardiff_city|1|7.609450|1.353693|5.371281|home|363|chelsea|2|3.270154|0.587443|6.870832|away
367141|306|hull_city|0|3.654877|0.972495|9.258120|home|368|everton|2|3.093737|0.641586|5.307155|away
367142|376|southampton|1|4.206121|1.038138|8.658313|home|360|manchester_united|1|3.458382|0.971828|7.583994|away
367143|364|liverpool|2|3.825009|0.690894|7.922783|home|361|newcastle_united|1|4.062485|0.655794|5.460414|away
367144|383|west_bromwich_albion|1|3.597008|0.786730|8.498563|home|336|stoke_city|2|2.020495|0.749230|8.109965|away
367145|366|sunderland|1|4.695552|0.459782|4.825031|home|318|swansea_city|3|4.166909|0.965912|5.961253|away
367146|382|manchester_city|2|3.418669|0.831260|7.926992|home|371|west_ham_united|0|3.757457|1.005776|12.211660|away
367147|361|newcastle_united|3|4.349770|0.657847|5.667177|home|347|cardiff_city|0|7.235091|1.302113|6.160550|away
367148|336|stoke_city|4|3.349335|0.753231|7.479594|home|370|fulham|1|2.274520|0.502356|6.378661|away
367149|362|aston_villa|3|2.474982|0.634530|5.593105|home|306|hull_city|1|3.681862|1.297925|9.021017|away
367150|368|everton|2|3.029310|0.675222|5.134854|home|382|manchester_city|3|3.418669|0.831260|7.926992|away
367151|363|chelsea|0|3.560503|0.748865|8.585887|home|381|norwich_city|0|5.558494|1.036288|8.192472|away
367152|318|swansea_city|0|4.140959|0.963852|6.557866|home|376|southampton|1|3.936296|0.994597|8.519454|away
367153|360|manchester_united|0|3.302340|0.935262|8.113734|home|366|sunderland|1|4.735483|0.499713|5.444823|away
367154|371|west_ham_united|2|3.748633|0.966947|12.243187|home|367|tottenham_hotspur|0|4.674379|0.869943|8.445260|away
367155|359|arsenal|1|3.346771|0.799947|7.603939|home|383|west_bromwich_albion|0|3.656311|0.788808|8.919919|away
367156|318|swansea_city|4|4.164790|1.023882|6.996780|home|362|aston_villa|1|2.463736|0.646641|5.408849|away
367157|366|sunderland|4|4.525037|0.485798|5.929493|home|347|cardiff_city|0|7.629243|1.317266|6.498344|away
367158|364|liverpool|0|3.947558|0.643975|7.483008|home|363|chelsea|2|3.389630|0.640672|7.548977|away
367159|376|southampton|2|4.514964|1.082983|8.728798|home|368|everton|0|3.206361|0.739847|5.387334|away
367160|370|fulham|2|2.904580|0.611394|8.006672|home|306|hull_city|2|3.764591|1.325854|9.308758|away
367161|359|arsenal|3|3.344548|0.795185|7.674732|home|361|newcastle_united|0|4.153438|0.669649|5.593333|away
367162|360|manchester_united|4|2.878710|0.907162|7.431932|home|381|norwich_city|0|5.812648|0.958030|8.020460|away
367163|336|stoke_city|0|3.324462|0.666812|7.433479|home|367|tottenham_hotspur|1|4.855241|0.798243|9.173172|away
367164|383|west_bromwich_albion|1|3.602462|0.843008|8.556902|home|371|west_ham_united|0|3.703007|0.924149|11.066340|away
367165|306|hull_city|0|3.681862|1.297925|9.021017|home|359|arsenal|3|3.527054|0.833187|7.715409|away
367166|367|tottenham_hotspur|3|4.883025|0.832435|9.270502|home|370|fulham|1|2.761392|0.544466|7.288297|away
367167|381|norwich_city|2|5.741525|0.938957|7.326343|home|364|liverpool|3|3.938097|0.655218|7.628489|away
367168|368|everton|2|2.923746|0.687247|5.301899|home|360|manchester_united|0|3.070746|0.942588|7.562319|away
367169|362|aston_villa|0|2.463736|0.646641|5.408849|home|376|southampton|0|4.206121|1.038138|8.658313|away
367170|347|cardiff_city|1|8.087307|1.252181|6.045215|home|336|stoke_city|1|3.324462|0.666812|7.433479|away
367171|363|chelsea|1|3.723728|0.723322|9.176443|home|366|sunderland|2|4.712995|0.431514|5.011061|away
367172|361|newcastle_united|1|4.637270|0.636180|6.335510|home|318|swansea_city|2|4.015284|0.996239|7.292280|away
367173|382|manchester_city|3|3.330657|0.781845|7.422752|home|383|west_bromwich_albion|1|3.440519|0.813536|8.289852|away
367174|376|southampton|0|2.011789|0.827611|8.577341|home|347|cardiff_city|1|4.547226|0.925370|6.135262|away
367175|318|swansea_city|0|4.026467|1.007422|7.536148|home|363|chelsea|1|5.109822|0.689531|8.000301|away
367176|366|sunderland|0|4.660711|0.457337|6.025468|home|368|everton|1|2.923746|0.687247|5.301899|away
367177|360|manchester_united|3|3.472876|1.019315|7.345192|home|306|hull_city|1|3.694967|1.291088|9.152071|away
367178|364|liverpool|3|3.894693|0.694740|8.636358|home|382|manchester_city|2|3.418669|0.831260|7.926992|away
367179|336|stoke_city|1|3.353562|0.662402|7.341768|home|361|newcastle_united|0|4.406883|0.639558|6.237774|away
367180|370|fulham|1|2.742931|0.587387|7.628414|home|381|norwich_city|0|5.775616|0.961016|7.414578|away
367181|383|west_bromwich_albion|3|3.550229|0.824993|8.210664|home|367|tottenham_hotspur|3|5.009172|0.808497|7.599323|away
367182|359|arsenal|3|3.551699|0.832143|7.671340|home|371|west_ham_united|1|3.601248|0.986827|11.850050|away
367183|368|everton|3|2.923746|0.687247|5.301899|home|359|arsenal|0|5.594999|0.811368|7.964874|away
367184|362|aston_villa|1|2.473836|0.662546|4.983374|home|370|fulham|2|2.704761|0.608292|6.834991|away
367185|371|west_ham_united|1|3.640925|0.987058|12.079462|home|364|liverpool|2|3.876031|0.712894|8.364350|away
367186|361|newcastle_united|0|3.188956|0.509075|6.154304|home|360|manchester_united|4|3.011186|0.894232|6.682631|away
367187|382|manchester_city|4|3.407083|0.829441|7.195513|home|376|southampton|1|2.095768|0.817604|9.603067|away
367188|363|chelsea|3|4.998245|0.802656|8.756758|home|336|stoke_city|0|3.344485|0.696353|7.298377|away
367189|367|tottenham_hotspur|5|4.700868|0.775110|7.487574|home|366|sunderland|1|4.598824|0.464077|5.477980|away
367190|306|hull_city|1|3.754392|1.297540|9.078887|home|318|swansea_city|0|4.594523|1.121507|9.955973|away
367191|381|norwich_city|0|5.653497|1.039702|8.574723|home|383|west_bromwich_albion|1|3.717240|0.807547|8.188155|away
367192|360|manchester_united|4|3.328200|1.017708|8.193616|home|362|aston_villa|1|2.610795|0.722755|6.052267|away
367193|383|west_bromwich_albion|3|3.700474|0.759699|7.673364|home|347|cardiff_city|3|7.196130|1.392007|7.345865|away
367194|370|fulham|1|2.930952|0.587181|5.861491|home|368|everton|3|3.095731|0.711987|5.566717|away
367195|336|stoke_city|1|3.279536|0.720373|6.881979|home|306|hull_city|0|3.615195|1.197231|8.405739|away
367196|359|arsenal|1|3.271806|0.766456|7.213641|home|382|manchester_city|1|3.382247|0.824310|7.023818|away
367197|376|southampton|4|4.376588|1.008605|10.146912|home|361|newcastle_united|0|3.074900|0.520306|6.504051|away
367198|318|swansea_city|3|4.729337|1.136914|9.652440|home|381|norwich_city|0|5.669286|1.057245|8.726770|away
367199|364|liverpool|4|3.888358|0.722568|8.596992|home|367|tottenham_hotspur|0|4.733005|0.731544|8.004481|away
367200|366|sunderland|1|4.693731|0.415466|5.163165|home|371|west_ham_united|2|3.644385|1.018200|12.185344|away
367201|363|chelsea|6|5.054538|0.693823|8.332297|home|359|arsenal|0|3.104083|0.733258|6.983377|away
367202|382|manchester_city|5|3.167787|0.746985|5.913893|home|370|fulham|0|2.766544|0.500990|5.388637|away
367203|347|cardiff_city|3|7.624970|1.283078|6.831677|home|364|liverpool|6|3.888358|0.722568|8.596992|away
367204|371|west_ham_united|0|3.637849|0.981162|11.891226|home|360|manchester_united|2|3.090235|0.948396|8.198268|away
367205|367|tottenham_hotspur|3|4.624692|0.705054|7.965740|home|376|southampton|2|4.430434|1.006041|9.237272|away
367206|362|aston_villa|1|2.507854|0.633049|5.573065|home|336|stoke_city|4|3.405115|0.606517|6.623112|away
367207|381|norwich_city|2|5.653497|1.039702|8.574723|home|366|sunderland|0|4.670900|0.491380|4.926073|away
367208|368|everton|3|3.095731|0.711987|5.566717|home|318|swansea_city|2|4.514866|1.094546|9.780728|away
367209|306|hull_city|2|3.535830|0.836120|8.183517|home|383|west_bromwich_albion|0|3.963179|0.746794|7.794902|away
367210|367|tottenham_hotspur|0|4.938574|0.892290|9.907100|home|359|arsenal|1|3.104083|0.733258|6.983377|away
367211|368|everton|2|3.095731|0.711987|5.566717|home|347|cardiff_city|1|7.573112|1.371671|6.730839|away
367212|362|aston_villa|1|2.588736|0.695549|5.959094|home|363|chelsea|0|5.017502|0.790065|8.752085|away
367213|360|manchester_united|0|3.097116|0.979130|8.539395|home|364|liverpool|3|3.888358|0.722568|8.596992|away
367214|306|hull_city|0|3.625645|0.870379|8.647405|home|382|manchester_city|2|3.197505|0.784170|7.159267|away
367215|370|fulham|1|2.887754|0.641537|7.134429|home|361|newcastle_united|0|2.794225|0.560731|6.886702|away
367216|376|southampton|4|4.119077|0.963092|9.203530|home|381|norwich_city|2|5.519230|1.022024|8.418309|away
367217|318|swansea_city|1|4.659853|1.081935|9.691913|home|383|west_bromwich_albion|2|3.748218|0.720952|7.620221|away
367218|336|stoke_city|3|3.251758|0.675234|6.191007|home|371|west_ham_united|1|3.637849|0.981162|11.891226|away
367219|382|manchester_city|4|3.184542|0.797133|6.858341|home|362|aston_villa|0|2.496998|0.605438|4.996557|away
367220|361|newcastle_united|0|4.302067|0.735760|7.179670|home|368|everton|3|3.095731|0.711987|5.566717|away
367221|347|cardiff_city|3|7.626038|1.327950|6.725908|home|370|fulham|1|2.853910|0.546289|5.794029|away
367222|371|west_ham_united|2|3.729516|0.967437|12.676275|home|306|hull_city|1|3.535830|0.836120|8.183517|away
367223|383|west_bromwich_albion|0|3.560099|0.780690|8.572275|home|360|manchester_united|3|3.104927|0.988974|8.409920|away
367224|381|norwich_city|1|5.758996|1.082911|9.096328|home|336|stoke_city|1|3.349886|0.711013|6.907945|away
367225|364|liverpool|2|3.888358|0.722568|8.596992|home|366|sunderland|1|4.699893|0.491032|4.868434|away
367226|359|arsenal|2|3.271806|0.766456|7.213641|home|318|swansea_city|2|4.729337|1.136914|9.652440|away
367227|363|chelsea|4|5.187774|0.787452|8.221736|home|367|tottenham_hotspur|0|4.661486|0.823733|9.325214|away
367228|336|stoke_city|1|3.304361|0.733390|7.060723|home|359|arsenal|0|3.121129|0.755275|7.173718|away
367229|367|tottenham_hotspur|1|4.934063|0.852729|9.691389|home|347|cardiff_city|0|7.163662|1.306509|6.962748|away
367230|370|fulham|1|2.968617|0.641439|9.477659|home|363|chelsea|3|4.897429|0.759817|8.532334|away
367231|376|southampton|0|4.476954|1.065381|9.729442|home|364|liverpool|3|4.114361|0.732536|8.809880|away
367232|360|manchester_united|0|2.894315|0.905028|7.386293|home|382|manchester_city|3|3.382247|0.824310|7.023818|away
367233|306|hull_city|1|3.446246|0.922925|8.246711|home|361|newcastle_united|4|2.805774|0.573502|7.165235|away
367234|362|aston_villa|4|2.507854|0.633049|5.573065|home|381|norwich_city|1|5.468304|1.091196|8.970597|away
367235|366|sunderland|2|4.735483|0.499713|5.444823|home|383|west_bromwich_albion|0|3.606731|0.724662|7.953532|away
367236|368|everton|1|3.089355|0.662679|5.722785|home|371|west_ham_united|0|3.637849|0.981162|11.891226|away
367237|361|newcastle_united|1|4.425566|0.640169|6.695791|home|362|aston_villa|0|2.410195|0.625658|5.471784|away
367238|363|chelsea|1|5.348925|0.871746|9.343803|home|368|everton|0|2.871428|0.718456|5.263648|away
367239|383|west_bromwich_albion|1|3.622004|0.790283|8.435351|home|370|fulham|1|2.743036|0.600355|7.135280|away
367240|347|cardiff_city|0|7.230814|1.292030|5.648063|home|306|hull_city|4|3.446246|0.922925|8.246711|away
367241|371|west_ham_united|3|3.514010|0.940915|10.875747|home|376|southampton|1|7.497147|1.456407|9.929763|away
367242|382|manchester_city|1|3.382247|0.824310|7.023818|home|336|stoke_city|0|3.253656|0.765577|7.695643|away
367243|359|arsenal|4|3.197563|0.805743|7.402484|home|366|sunderland|1|4.732946|0.496937|5.509840|away
367244|364|liverpool|4|4.114361|0.732536|8.809880|home|318|swansea_city|3|4.102534|0.912761|6.882392|away
367245|381|norwich_city|1|5.616139|1.012417|8.294040|home|367|tottenham_hotspur|0|5.097155|0.844181|9.120972|away
367246|370|fulham|2|2.598578|0.564379|5.769116|home|364|liverpool|3|4.092040|0.681197|8.392470|away
367247|382|manchester_city|2|3.281543|0.651732|7.101818|home|366|sunderland|2|5.016084|0.460282|5.222909|away
367248|361|newcastle_united|0|4.326172|0.737486|7.249661|home|367|tottenham_hotspur|4|5.147654|0.893607|9.825093|away
367249|383|west_bromwich_albion|1|3.565397|0.745845|7.785508|home|363|chelsea|1|5.085178|0.871155|7.876654|away
367250|347|cardiff_city|0|7.273446|1.230044|5.788160|home|362|aston_villa|0|2.507854|0.633049|5.573065|away
367251|359|arsenal|0|3.389800|0.861231|7.353149|home|360|manchester_united|0|3.212198|0.912364|8.514299|away
367252|371|west_ham_united|2|3.588431|0.903704|11.206852|home|381|norwich_city|0|5.545551|0.958604|7.707112|away
367253|306|hull_city|0|3.704684|1.282486|8.632372|home|376|southampton|1|6.603453|1.305182|9.103572|away
367254|336|stoke_city|1|3.483192|0.667804|7.364531|home|318|swansea_city|1|4.456859|1.114600|8.078166|away
367255|364|liverpool|5|4.231587|0.681735|8.097211|home|359|arsenal|1|3.223133|0.861231|7.292038|away
367256|318|swansea_city|3|4.258416|1.073545|8.299058|home|347|cardiff_city|0|7.081321|1.271558|6.443288|away
367257|367|tottenham_hotspur|1|5.072254|0.927609|10.372112|home|368|everton|0|3.073809|0.615282|5.120791|away
367258|360|manchester_united|2|3.241445|1.029661|8.181415|home|370|fulham|2|2.771816|0.590893|5.920390|away
367259|366|sunderland|0|4.525037|0.485798|5.929493|home|306|hull_city|2|3.631600|1.226515|7.950019|away
367260|381|norwich_city|0|5.938872|0.889749|7.115835|home|382|manchester_city|0|3.515230|0.837033|7.061494|away
367261|363|chelsea|3|5.180210|0.838093|8.703574|home|361|newcastle_united|0|4.110012|0.759447|5.565786|away
367262|376|southampton|2|6.217523|1.250394|8.954242|home|336|stoke_city|2|3.404676|0.610105|6.732055|away
367263|362|aston_villa|0|2.552952|0.699226|5.911791|home|371|west_ham_united|2|3.582398|0.929346|11.090713|away
367264|368|everton|2|2.753372|0.730030|5.358556|home|362|aston_villa|1|2.506517|0.630598|5.293876|away
367265|382|manchester_city|0|3.454131|0.790996|6.761342|home|363|chelsea|1|4.899716|0.801738|8.425626|away
367266|383|west_bromwich_albion|1|3.400676|0.737489|7.578573|home|364|liverpool|1|4.231587|0.681735|8.097211|away
367267|336|stoke_city|2|3.484581|0.657387|6.948559|home|360|manchester_united|1|3.190741|0.951296|8.492709|away
367268|347|cardiff_city|2|7.634585|1.417694|7.495139|home|381|norwich_city|1|5.795810|1.018931|8.594780|away
367269|370|fulham|0|3.335252|0.679410|9.744634|home|376|southampton|3|7.075128|1.398410|9.753827|away
367270|361|newcastle_united|0|4.080525|0.771947|5.692389|home|366|sunderland|3|4.792226|0.490119|5.878211|away
367271|371|west_ham_united|2|3.720140|0.897935|12.252717|home|318|swansea_city|0|4.007305|1.139722|8.106930|away
367272|306|hull_city|1|3.865669|1.356907|9.344382|home|367|tottenham_hotspur|1|5.226713|0.891236|9.812453|away
367273|367|tottenham_hotspur|1|5.429153|0.954198|9.873446|home|382|manchester_city|5|3.528506|0.741813|7.631484|away
367274|363|chelsea|0|5.059697|0.755187|7.987335|home|371|west_ham_united|0|3.714409|0.919353|12.357091|away
367275|364|liverpool|4|4.482924|0.716928|8.303692|home|368|everton|0|2.853047|0.734736|5.828949|away
367276|376|southampton|2|6.555287|1.152378|7.194304|home|359|arsenal|2|3.252430|0.785040|7.503594|away
367277|360|manchester_united|2|3.231986|1.051391|8.281271|home|347|cardiff_city|0|7.250357|1.345493|6.596717|away
367278|318|swansea_city|2|4.168353|1.188109|7.906377|home|370|fulham|0|3.374357|0.749187|10.606911|away
367279|381|norwich_city|0|5.776618|0.978190|8.217002|home|361|newcastle_united|0|4.070914|0.685516|5.146429|away
367280|366|sunderland|1|4.660649|0.454518|6.323292|home|336|stoke_city|0|3.483192|0.667804|7.364531|away
367281|362|aston_villa|4|2.506517|0.630598|5.293876|home|383|west_bromwich_albion|3|3.426087|0.776888|8.262307|away
367282|364|liverpool|2|4.025527|0.709841|8.429168|home|362|aston_villa|2|2.677095|0.624698|5.973465|away
367283|382|manchester_city|4|3.333252|0.760427|7.272528|home|347|cardiff_city|2|7.132103|1.397080|7.439574|away
367284|383|west_bromwich_albion|1|3.496647|0.809667|9.011369|home|368|everton|1|2.760068|0.582659|5.059980|away
367285|359|arsenal|2|3.210193|0.791328|6.626940|home|370|fulham|0|2.897682|0.675828|8.640380|away
367286|381|norwich_city|1|5.780027|1.062492|8.400336|home|306|hull_city|0|3.494120|0.898866|8.521700|away
367287|363|chelsea|3|4.776084|0.906747|7.492494|home|360|manchester_united|1|2.706754|0.773814|5.444559|away
367288|371|west_ham_united|1|3.962568|0.896823|12.454714|home|361|newcastle_united|3|4.347651|0.780384|7.887336|away
367289|366|sunderland|2|2.142565|0.490217|6.257040|home|376|southampton|2|7.009255|1.352378|9.399065|away
367290|318|swansea_city|1|3.905853|0.828436|5.039561|home|367|tottenham_hotspur|3|5.429153|0.954198|9.873446|away
367291|362|aston_villa|1|2.407701|0.592575|4.676820|home|359|arsenal|2|3.210193|0.791328|6.626940|away
367292|306|hull_city|0|3.554933|0.944475|8.802604|home|363|chelsea|2|4.871413|0.850637|6.787614|away
367293|336|stoke_city|3|1.953261|0.811201|7.613425|home|364|liverpool|5|2.919110|0.644590|8.589324|away
367294|361|newcastle_united|0|4.311865|0.816829|7.828462|home|382|manchester_city|2|3.184542|0.797133|6.858341|away
367295|368|everton|2|2.790930|0.609296|5.221120|home|381|norwich_city|0|5.734625|0.988978|7.385274|away
367296|370|fulham|1|2.732020|0.737571|9.529223|home|366|sunderland|4|2.240958|0.522898|6.629731|away
367297|360|manchester_united|2|2.991430|0.736112|5.044553|home|318|swansea_city|0|4.085132|0.846999|4.519976|away
367298|376|southampton|1|7.009255|1.352378|9.399065|home|383|west_bromwich_albion|0|3.575344|0.711496|8.595769|away
367299|347|cardiff_city|0|7.637457|1.422817|7.386849|home|371|west_ham_united|2|3.674487|0.893420|11.346086|away
367300|366|sunderland|0|2.399336|0.544602|6.689584|home|362|aston_villa|1|2.606399|0.596717|5.181934|away
367301|359|arsenal|2|2.860911|0.782005|6.765285|home|347|cardiff_city|0|6.681700|1.399098|6.572662|away
367302|376|southampton|0|6.169481|1.281778|9.466740|home|363|chelsea|3|5.094006|0.843692|8.115855|away
367303|336|stoke_city|1|2.130786|0.725395|8.106931|home|368|everton|1|2.951977|0.625608|5.869714|away
367304|364|liverpool|2|4.184013|0.733161|8.328901|home|306|hull_city|0|3.554933|0.944475|8.802604|away
367305|318|swansea_city|2|3.937824|1.056007|7.669559|home|382|manchester_city|3|2.918229|0.599290|6.019416|away
367306|383|west_bromwich_albion|1|3.607499|0.788872|9.264552|home|361|newcastle_united|0|4.345563|0.771565|8.110755|away
367307|360|manchester_united|1|2.889399|0.731577|6.412846|home|367|tottenham_hotspur|2|4.981240|0.862427|8.743994|away
367308|370|fulham|2|2.344676|0.700921|8.902106|home|371|west_ham_united|1|3.678270|0.919297|10.316206|away
367309|361|newcastle_united|0|4.315734|0.791451|8.012033|home|359|arsenal|1|2.824088|0.844023|7.362884|away
367310|306|hull_city|6|3.488796|0.829925|8.027207|home|370|fulham|0|2.291748|0.562529|7.916398|away
367311|363|chelsea|2|5.024804|0.946061|7.913733|home|364|liverpool|1|4.253091|0.618063|6.930872|away
367312|381|norwich_city|0|6.014037|1.005846|7.970049|home|360|manchester_united|1|2.834816|0.721146|5.312102|away
367313|368|everton|2|1.118449|0.501510|5.753242|home|376|southampton|1|6.163987|1.276284|9.382262|away
367314|367|tottenham_hotspur|3|5.489781|0.884274|9.356446|home|336|stoke_city|0|2.070370|0.728709|7.320170|away
367315|347|cardiff_city|2|7.138513|1.391280|6.948731|home|366|sunderland|2|2.481336|0.503874|6.446333|away
367316|362|aston_villa|1|2.382071|0.603203|4.522987|home|318|swansea_city|1|3.934743|1.054046|7.740987|away
367317|371|west_ham_united|3|3.888850|0.904062|10.112794|home|383|west_bromwich_albion|3|3.573135|0.744395|9.056564|away
367318|371|west_ham_united|1|3.680519|0.849873|9.876578|home|359|arsenal|3|3.172661|0.849502|8.179045|away
367319|381|norwich_city|1|6.044289|0.990160|8.243999|home|370|fulham|2|2.320867|0.712212|9.922141|away
367320|382|manchester_city|2|2.964274|0.721271|6.320291|home|364|liverpool|1|4.073812|0.617896|7.387115|away
367321|306|hull_city|2|3.488796|0.829925|8.027207|home|360|manchester_united|3|2.879347|0.743783|6.432706|away
367322|347|cardiff_city|0|7.056695|1.445826|6.460420|home|376|southampton|3|6.195611|1.385685|10.013138|away
367323|361|newcastle_united|5|4.361283|0.793156|8.007535|home|336|stoke_city|1|2.120406|0.639323|8.033618|away
367324|368|everton|0|2.920764|0.522343|5.881020|home|366|sunderland|1|2.494832|0.566252|6.151536|away
367325|363|chelsea|1|5.055601|0.967197|7.886439|home|318|swansea_city|0|3.869967|1.045293|7.038606|away
367326|367|tottenham_hotspur|1|5.748512|0.877028|9.564564|home|383|west_bromwich_albion|1|3.470716|0.718741|8.341947|away
367327|336|stoke_city|2|3.289919|0.672851|7.364460|home|362|aston_villa|1|2.270556|0.536536|3.992684|away
367328|364|liverpool|3|3.826613|0.573006|6.922887|home|347|cardiff_city|1|7.099552|1.452969|7.081848|away
367329|359|arsenal|0|3.205270|0.909285|8.508755|home|363|chelsea|0|5.055601|0.967197|7.886439|away
367330|318|swansea_city|1|3.908886|0.992637|7.279449|home|368|everton|2|2.757720|0.494968|5.298089|away
367331|383|west_bromwich_albion|1|3.564949|0.765461|8.832370|home|306|hull_city|1|3.488796|0.829925|8.027207|away
367332|370|fulham|2|2.626743|0.690149|7.671527|home|382|manchester_city|4|3.346140|0.750621|6.899533|away
367333|366|sunderland|0|2.120863|0.502370|6.027873|home|381|norwich_city|0|6.025241|0.983437|8.014867|away
367334|376|southampton|2|2.444137|0.949241|10.071028|home|367|tottenham_hotspur|3|5.556654|0.894308|10.651974|away
367335|360|manchester_united|3|2.803320|0.804950|6.565499|home|371|west_ham_united|1|3.497186|0.804039|9.051578|away
367336|382|manchester_city|6|3.418669|0.831260|7.926992|home|359|arsenal|3|3.099142|0.828772|8.178095|away
367337|368|everton|4|3.023387|0.501510|5.465125|home|370|fulham|1|2.686315|0.642527|6.907553|away
367338|367|tottenham_hotspur|0|4.846777|0.835290|9.543750|home|364|liverpool|5|3.826613|0.573006|6.922887|away
367339|362|aston_villa|0|2.403780|0.588899|4.922653|home|360|manchester_united|3|2.740620|0.764434|5.605512|away
367340|361|newcastle_united|1|4.234430|0.733280|6.887980|home|376|southampton|1|2.411730|0.801093|9.802510|away
367341|306|hull_city|0|3.425636|0.808891|7.157484|home|336|stoke_city|0|3.224970|0.696871|6.948062|away
367342|371|west_ham_united|0|3.497186|0.804039|9.051578|home|366|sunderland|0|2.231143|0.500306|6.091953|away
367343|381|norwich_city|1|4.494693|0.905558|7.401438|home|318|swansea_city|1|4.780000|1.137577|9.840887|away
367344|347|cardiff_city|1|7.170980|1.476778|7.331848|home|383|west_bromwich_albion|0|3.900272|0.817748|8.919895|away
367345|370|fulham|2|2.643354|0.665617|6.355546|home|362|aston_villa|0|2.313592|0.575019|5.049694|away
367346|336|stoke_city|3|3.357820|0.744163|7.834408|home|363|chelsea|2|5.048194|0.850530|8.857735|away
367347|359|arsenal|1|3.098366|0.848910|8.049149|home|368|everton|1|3.041345|0.519187|5.723823|away
367348|318|swansea_city|1|3.899234|1.085778|10.223212|home|306|hull_city|1|3.425636|0.808891|7.157484|away
367349|376|southampton|1|2.585523|0.828465|9.983420|home|382|manchester_city|1|3.356592|0.714111|7.305132|away
367350|360|manchester_united|0|3.106103|0.795188|7.330478|home|361|newcastle_united|1|4.354086|0.819292|8.274959|away
367351|383|west_bromwich_albion|0|3.930953|0.813097|8.247503|home|381|norwich_city|2|4.494693|0.905558|7.401438|away
367352|366|sunderland|1|2.217810|0.535861|6.385287|home|367|tottenham_hotspur|2|4.846777|0.835290|9.543750|away
367353|364|liverpool|4|3.932989|0.702321|7.711513|home|371|west_ham_united|1|3.515169|0.879164|10.426037|away
367354|370|fulham|1|2.589159|0.709029|7.244789|home|367|tottenham_hotspur|2|4.932454|0.842582|9.489323|away
367355|383|west_bromwich_albion|2|3.778964|0.799878|8.224150|home|382|manchester_city|3|3.392735|0.705937|7.766307|away
367356|364|liverpool|5|3.965548|0.684490|8.062383|home|381|norwich_city|1|4.494693|0.905558|7.401438|away
367357|376|southampton|2|2.295443|0.816394|9.239817|home|362|aston_villa|3|2.407701|0.592575|4.676820|away
367358|336|stoke_city|0|3.357820|0.743067|7.692778|home|347|cardiff_city|0|7.105546|1.377544|6.934995|away
367359|366|sunderland|3|2.120863|0.502370|6.027873|home|363|chelsea|4|4.982682|0.922372|9.241626|away
367360|360|manchester_united|0|3.026571|0.892720|7.652392|home|368|everton|1|3.041345|0.519187|5.723823|away
367361|359|arsenal|2|3.098366|0.848910|8.049149|home|306|hull_city|0|3.656978|0.865254|8.251828|away
367362|318|swansea_city|3|4.283002|1.078435|7.660893|home|361|newcastle_united|0|3.934160|0.747757|6.404443|away
367363|347|cardiff_city|0|7.247904|1.559196|8.243936|home|359|arsenal|3|2.973366|0.785293|7.567750|away
367364|371|west_ham_united|3|3.530855|0.908576|10.639763|home|370|fulham|0|2.707068|0.588208|7.000399|away
367365|306|hull_city|3|3.431939|0.804689|7.104963|home|364|liverpool|1|3.965548|0.684490|8.062383|away
367366|367|tottenham_hotspur|2|4.775004|0.775920|8.915002|home|360|manchester_united|2|2.836704|0.794781|7.362434|away
367367|363|chelsea|3|4.982682|0.922372|9.241626|home|376|southampton|1|4.204791|0.989283|9.213054|away
367368|368|everton|4|2.971386|0.494907|5.465798|home|336|stoke_city|0|3.330738|0.683307|7.905834|away
367369|362|aston_villa|0|2.407701|0.592575|4.676820|home|366|sunderland|0|2.120863|0.502370|6.027873|away
367370|382|manchester_city|3|3.375110|0.713370|7.635503|home|318|swansea_city|0|4.274113|1.060657|7.483115|away
367371|361|newcastle_united|2|4.335620|0.788042|8.017147|home|383|west_bromwich_albion|1|3.648012|0.785429|8.288761|away
367372|383|west_bromwich_albion|2|3.888955|0.839913|9.218643|home|362|aston_villa|2|2.321435|0.539725|4.869302|away
367373|371|west_ham_united|0|3.530855|0.908576|10.639763|home|363|chelsea|3|5.150633|0.928579|8.743914|away
367374|368|everton|3|3.094585|0.606729|6.045582|home|364|liverpool|3|3.873451|0.663694|7.989299|away
367375|347|cardiff_city|2|7.247904|1.559196|8.243936|home|360|manchester_united|2|2.952843|0.842524|7.363547|away
367376|361|newcastle_united|2|4.308446|0.806520|7.807364|home|381|norwich_city|1|4.626719|0.994447|8.353726|away
367377|359|arsenal|2|3.079517|0.830432|7.815022|home|376|southampton|0|4.506869|1.061108|9.703801|away
367378|336|stoke_city|2|3.352041|0.738624|8.069084|home|366|sunderland|0|2.231699|0.480306|5.890842|away
367379|370|fulham|1|2.855129|0.639973|7.633776|home|318|swansea_city|2|4.489480|0.824813|6.668450|away
367380|382|manchester_city|6|3.486750|0.663634|6.650846|home|367|tottenham_hotspur|0|4.810742|0.953714|11.298620|away
367381|360|manchester_united|1|3.198749|0.882434|8.429424|home|359|arsenal|0|3.128707|0.762097|7.274243|away
367382|362|aston_villa|2|2.348072|0.482603|3.629416|home|347|cardiff_city|0|6.831377|1.488583|7.927674|away
367383|364|liverpool|4|3.880691|0.739787|8.333794|home|370|fulham|0|2.729844|0.615530|7.543011|away
367384|376|southampton|4|7.563813|1.484612|10.043570|home|306|hull_city|1|3.561768|1.246716|7.759347|away
367385|366|sunderland|1|4.940877|0.648422|5.982630|home|382|manchester_city|0|3.313572|0.697684|7.373964|away
367386|367|tottenham_hotspur|0|6.335863|0.870052|9.984866|home|361|newcastle_united|1|4.335620|0.788042|8.017147|away
367387|318|swansea_city|3|3.961634|0.975055|7.574320|home|336|stoke_city|3|3.455562|0.775746|8.579884|away
367388|363|chelsea|2|5.150633|0.934134|8.713358|home|383|west_bromwich_albion|2|3.790397|0.814539|8.388515|away
367389|381|norwich_city|3|5.597293|1.093285|9.072310|home|371|west_ham_united|1|3.645764|0.854785|9.434556|away
367390|371|west_ham_united|0|3.640699|0.831882|9.063722|home|362|aston_villa|0|2.295068|0.488899|4.027577|away
367391|361|newcastle_united|2|4.319995|0.787000|7.975480|home|363|chelsea|0|5.055601|0.967197|7.886439|away
367392|359|arsenal|2|3.362036|0.813066|7.532476|home|364|liverpool|0|3.702442|0.633022|7.602324|away
367393|370|fulham|1|2.724942|0.653384|7.642956|home|360|manchester_united|3|3.220734|0.876625|8.719032|away
367394|382|manchester_city|7|3.397558|0.843483|7.830722|home|381|norwich_city|0|5.746065|0.946276|7.870681|away
367395|336|stoke_city|1|3.455562|0.775746|8.579884|home|376|southampton|1|7.059255|1.378568|9.326172|away
367396|306|hull_city|1|3.538332|1.227691|7.375189|home|366|sunderland|0|4.402245|0.640764|5.938595|away
367397|347|cardiff_city|1|6.831377|1.488583|7.927674|home|318|swansea_city|0|4.840182|0.860486|7.852602|away
367398|368|everton|0|3.077919|0.602520|5.910397|home|367|tottenham_hotspur|0|4.786413|0.850821|10.004783|away
367399|381|norwich_city|0|4.517608|0.963375|8.211027|home|347|cardiff_city|0|7.238975|1.469910|7.663579|away
367400|362|aston_villa|0|2.528215|0.592080|4.659719|home|368|everton|2|3.077919|0.602520|5.910397|away
367401|376|southampton|2|6.992753|1.296467|9.378717|home|370|fulham|0|2.767562|0.601929|7.798964|away
367402|367|tottenham_hotspur|1|4.784575|0.867135|9.811309|home|306|hull_city|0|3.689897|1.275863|8.317063|away
367403|363|chelsea|2|5.055601|0.967197|7.886439|home|382|manchester_city|1|3.393921|0.831361|7.927288|away
367404|366|sunderland|2|4.430765|0.635417|5.935030|home|361|newcastle_united|1|4.089407|0.771098|7.739668|away
367405|360|manchester_united|3|3.218896|0.915228|8.866091|home|336|stoke_city|2|3.396738|0.671580|8.294958|away
367406|364|liverpool|4|3.673338|0.642827|7.732222|home|383|west_bromwich_albion|1|3.925242|0.852297|9.303365|away
367407|318|swansea_city|0|4.873515|1.018264|8.625936|home|371|west_ham_united|0|3.878705|0.969433|11.563191|away
367408|363|chelsea|4|5.095345|0.934347|8.089876|home|347|cardiff_city|1|6.826248|1.422771|7.443058|away
367409|368|everton|2|3.258474|0.694692|7.215952|home|306|hull_city|1|3.466011|0.905571|7.510737|away
367410|361|newcastle_united|2|4.344995|0.781792|7.998397|home|364|liverpool|2|3.656672|0.628013|7.419259|away
367411|371|west_ham_united|1|3.979928|0.970791|12.399468|home|382|manchester_city|3|3.210210|0.790765|7.566302|away
367412|359|arsenal|4|2.986605|0.774248|7.326396|home|381|norwich_city|1|5.542402|1.066304|8.601549|away
367413|360|manchester_united|1|3.387173|0.864906|8.704919|home|376|southampton|1|7.023541|1.402378|9.873791|away
367414|318|swansea_city|4|4.953515|1.030999|8.844654|home|366|sunderland|0|4.204612|0.631227|5.876417|away
367415|362|aston_villa|0|2.566399|0.601162|4.964156|home|367|tottenham_hotspur|2|4.784575|0.867135|9.811309|away
367416|336|stoke_city|0|3.411911|0.750945|8.263912|home|383|west_bromwich_albion|0|3.951168|0.857483|9.491513|away
367417|383|west_bromwich_albion|1|3.750209|0.798407|9.130363|home|359|arsenal|1|2.841763|0.654705|5.954868|away
367418|306|hull_city|0|3.504936|0.873780|7.463844|home|362|aston_villa|0|2.185275|0.499357|4.082488|away
367419|381|norwich_city|1|5.609111|0.953572|8.243706|home|363|chelsea|3|5.192299|0.939853|9.069894|away
367420|382|manchester_city|3|3.206044|0.805348|7.597552|home|368|everton|1|3.231836|0.633011|6.884043|away
367421|366|sunderland|1|4.893297|0.636178|5.820715|home|360|manchester_united|2|3.197761|0.897570|8.334477|away
367422|347|cardiff_city|1|6.831377|1.488583|7.927674|home|361|newcastle_united|2|4.240896|0.749487|7.509355|away
367423|370|fulham|1|2.776056|0.658772|9.084051|home|336|stoke_city|0|3.455562|0.775746|8.579884|away
367424|376|southampton|2|7.051319|1.529362|10.103950|home|318|swansea_city|0|4.853515|0.893819|8.145936|away
367425|367|tottenham_hotspur|0|4.915980|0.767174|9.651177|home|371|west_ham_united|3|3.778672|0.831279|9.638651|away
367426|318|swansea_city|1|5.268876|1.022224|8.872019|home|359|arsenal|2|2.818083|0.617243|5.644504|away
367427|370|fulham|1|2.778444|0.652158|9.077584|home|347|cardiff_city|2|6.831377|1.488583|7.927674|away
367428|367|tottenham_hotspur|1|4.915980|0.767174|9.651177|home|363|chelsea|1|4.830601|0.853308|7.458661|away
367429|366|sunderland|1|4.834038|0.613955|5.472567|home|364|liverpool|3|4.107319|0.744857|8.827287|away
367430|362|aston_villa|3|2.228163|0.511750|3.479521|home|382|manchester_city|2|3.094687|0.652206|6.047989|away
367431|368|everton|3|3.228132|0.644122|6.834043|home|361|newcastle_united|2|4.486249|0.758039|7.499877|away
367432|336|stoke_city|0|3.406542|0.752871|8.364198|home|381|norwich_city|1|5.942401|1.031188|8.543336|away
367433|360|manchester_united|1|3.414566|0.852482|8.445568|home|383|west_bromwich_albion|2|3.629487|0.721387|7.623944|away
367434|306|hull_city|1|3.466011|0.905571|7.510737|home|371|west_ham_united|0|3.827150|0.876752|10.889052|away
367435|381|norwich_city|0|5.588657|0.969018|7.555638|home|362|aston_villa|1|2.416933|0.532294|4.242668|away
367436|371|west_ham_united|2|3.812992|0.801752|10.077438|home|368|everton|3|3.047577|0.551950|5.528488|away
367437|363|chelsea|2|5.277618|0.838600|7.591516|home|370|fulham|0|2.655585|0.629932|8.644849|away
367438|361|newcastle_united|2|4.300555|0.793237|7.784355|home|306|hull_city|3|3.718733|0.907166|7.549648|away
367439|382|manchester_city|4|3.351994|0.691122|7.276889|home|360|manchester_united|1|3.038064|0.801417|7.298266|away
367440|364|liverpool|0|3.728511|0.652076|6.523290|home|376|southampton|1|7.563813|1.484612|10.043570|away
367441|359|arsenal|3|4.614958|0.596410|5.639295|home|336|stoke_city|1|3.335736|0.851636|8.626362|away
367442|383|west_bromwich_albion|3|4.838238|0.862505|8.680605|home|366|sunderland|0|5.226577|0.651736|6.014626|away
367443|347|cardiff_city|0|7.238975|1.469910|7.663579|home|367|tottenham_hotspur|1|4.627175|0.713680|8.717765|away
367444|366|sunderland|1|4.683034|0.590442|5.497183|home|359|arsenal|3|2.855886|0.645665|5.315666|away
367445|306|hull_city|1|2.489631|1.148169|8.094981|home|347|cardiff_city|1|4.301933|1.188088|7.781253|away
367446|368|everton|1|3.002603|0.568485|5.068170|home|363|chelsea|0|5.175644|0.882512|7.808883|away
367447|318|swansea_city|2|4.975084|1.024211|9.029269|home|364|liverpool|2|3.929215|0.677745|6.510737|away
367448|336|stoke_city|0|3.335736|0.851636|8.626362|home|382|manchester_city|0|3.347863|0.662604|7.376277|away
367449|362|aston_villa|1|2.528215|0.585413|4.539719|home|361|newcastle_united|2|4.325176|0.794184|7.916930|away
367450|367|tottenham_hotspur|2|4.735111|0.766408|9.971613|home|381|norwich_city|0|5.582211|0.950842|8.102771|away
367451|370|fulham|1|2.642127|0.693825|8.723931|home|383|west_bromwich_albion|1|3.681053|0.736022|8.688670|away
367452|376|southampton|0|7.023541|1.402378|9.873791|home|371|west_ham_united|0|3.636217|0.782930|8.906786|away
367453|363|chelsea|2|4.981982|0.803579|7.938358|home|362|aston_villa|1|2.370201|0.590492|4.391403|away
367454|347|cardiff_city|0|6.441542|1.411305|7.388925|home|368|everton|0|3.194039|0.663204|6.747529|away
367455|361|newcastle_united|1|4.443138|0.837285|8.364597|home|370|fulham|0|2.795016|0.714602|9.599376|away
367456|382|manchester_city|2|3.396447|0.815705|7.767944|home|306|hull_city|0|3.465122|0.947188|7.943021|away
367457|364|liverpool|1|3.865059|0.723699|6.250608|home|360|manchester_united|0|2.841643|0.823068|7.176187|away
367458|381|norwich_city|1|5.546478|0.988239|8.392684|home|376|southampton|0|7.075128|1.505553|9.638748|away
367459|371|west_ham_united|0|3.515565|0.817170|9.114123|home|336|stoke_city|1|3.424077|0.768387|8.314964|away
367460|383|west_bromwich_albion|0|3.826080|0.700532|8.234366|home|318|swansea_city|2|4.702683|1.083859|9.394999|away
367461|359|arsenal|1|2.973656|0.722431|6.598855|home|367|tottenham_hotspur|0|4.885059|0.777700|9.803809|away
367462|370|fulham|1|2.647957|0.668305|7.888592|home|359|arsenal|3|3.060899|0.812015|6.811922|away
367463|360|manchester_united|0|2.828137|0.861602|7.372163|home|363|chelsea|0|4.900046|0.856085|7.683661|away
367464|362|aston_villa|0|2.407701|0.548825|4.630986|home|364|liverpool|1|3.716433|0.712712|6.500350|away
367465|347|cardiff_city|3|6.737644|1.460947|7.281520|home|382|manchester_city|2|3.222363|0.778612|7.848420|away
367466|306|hull_city|1|3.483329|0.859513|7.579995|home|381|norwich_city|0|5.452475|0.921663|7.752167|away
367467|376|southampton|1|7.563813|1.484612|10.043570|home|366|sunderland|1|5.284677|0.753260|6.844429|away
367468|367|tottenham_hotspur|1|4.453191|0.672889|8.432900|home|318|swansea_city|0|4.702683|1.083859|9.394999|away
367469|368|everton|0|3.246509|0.698277|7.145677|home|383|west_bromwich_albion|0|3.994808|0.702456|7.590519|away
367470|361|newcastle_united|0|4.105656|0.714433|6.848052|home|371|west_ham_united|0|3.620158|0.804920|8.803415|away
367471|359|arsenal|1|2.915448|0.778091|6.618833|home|362|aston_villa|3|2.429025|0.531791|4.694467|away
367472|371|west_ham_united|2|3.620158|0.804920|8.803415|home|347|cardiff_city|0|6.482243|1.332888|7.048289|away
367473|381|norwich_city|2|5.230013|1.009602|7.555176|home|368|everton|2|3.246509|0.698277|7.145677|away
367474|366|sunderland|0|5.594943|0.773525|6.183933|home|370|fulham|1|2.842262|0.657861|9.067086|away
367475|363|chelsea|2|5.187876|0.834953|9.238345|home|306|hull_city|0|3.483329|0.859513|7.579995|away
367476|318|swansea_city|1|4.911293|1.062708|9.279269|home|360|manchester_united|4|2.893097|0.785814|6.863522|away
367477|382|manchester_city|4|3.243196|0.793195|7.997527|home|361|newcastle_united|0|4.149918|0.807214|7.619837|away
367478|383|west_bromwich_albion|0|3.563806|0.703210|8.153855|home|376|southampton|1|7.116947|1.378568|9.392106|away
367479|364|liverpool|1|3.936210|0.722882|6.775372|home|336|stoke_city|0|3.294447|0.762986|8.292201|away
369163|370|fulham|2|2.210839|0.500194|7.010147|home|384|crystal_palace|2|8.748709|1.086661|8.457679|away
369164|384|crystal_palace|3|9.203974|1.092851|7.843049|home|364|liverpool|3|3.867242|0.665468|8.202465|away
369165|384|crystal_palace|0|8.748709|1.086661|8.457679|home|382|manchester_city|2|3.356592|0.714111|7.305132|away
369166|371|west_ham_united|0|3.658111|1.032905|12.220638|home|384|crystal_palace|1|8.689185|1.069994|8.543394|away
369167|384|crystal_palace|1|8.748709|1.086661|8.457679|home|362|aston_villa|0|2.258779|0.664093|5.574044|away
369168|347|cardiff_city|0|7.186918|1.472135|7.370623|home|384|crystal_palace|3|8.748709|1.086661|8.457679|away
369169|384|crystal_palace|1|9.175286|1.145822|8.250179|home|363|chelsea|0|3.017275|0.755147|8.735487|away
369170|361|newcastle_united|1|4.302067|0.735760|7.179670|home|384|crystal_palace|0|8.544156|1.060638|7.927019|away
369171|366|sunderland|0|4.820261|0.507374|5.844969|home|384|crystal_palace|0|8.234653|1.073866|8.878789|away
369172|384|crystal_palace|0|8.210667|1.114140|8.430279|home|376|southampton|1|4.476954|1.065381|9.729442|away
369173|318|swansea_city|1|4.517097|1.136393|8.234211|home|384|crystal_palace|1|8.696735|1.068415|8.024083|away
369174|384|crystal_palace|0|8.738402|1.105082|8.573250|home|360|manchester_united|2|3.306422|1.039797|8.728836|away
369175|368|everton|2|2.923746|0.687247|5.301899|home|384|crystal_palace|3|9.359675|1.172764|9.185285|away
369176|384|crystal_palace|3|8.638402|1.088415|8.023250|home|383|west_bromwich_albion|1|3.632368|0.676949|7.440057|away
369177|359|arsenal|2|3.433876|0.870799|7.523937|home|384|crystal_palace|0|7.938606|1.008584|7.849227|away
369178|384|crystal_palace|1|7.086951|1.193976|8.002993|home|306|hull_city|0|3.609046|0.909790|8.593582|away
369179|384|crystal_palace|1|7.393757|1.193943|7.518584|home|336|stoke_city|0|2.185919|0.621604|7.189522|away
369180|367|tottenham_hotspur|2|5.271414|0.879793|8.790112|home|384|crystal_palace|0|7.407150|1.180550|8.031976|away
369181|384|crystal_palace|1|7.191950|1.143749|8.267227|home|381|norwich_city|1|6.044289|0.990160|8.243999|away
369182|382|manchester_city|1|2.986843|0.706142|6.611710|home|384|crystal_palace|0|7.653029|1.206649|8.617141|away
369183|362|aston_villa|0|2.344122|0.533972|4.460936|home|384|crystal_palace|1|8.153811|1.261006|8.725053|away
369184|384|crystal_palace|0|7.653029|1.206649|8.617141|home|361|newcastle_united|3|4.319995|0.794292|7.999959|away
369185|363|chelsea|2|5.292425|0.977189|9.706792|home|384|crystal_palace|1|7.971110|1.195450|7.894507|away
369186|384|crystal_palace|2|7.275368|1.270587|8.123295|home|347|cardiff_city|0|7.105546|1.377544|6.934995|away
369187|384|crystal_palace|1|7.275368|1.270587|8.123295|home|371|west_ham_united|0|3.645764|0.854785|9.434556|away
369188|381|norwich_city|1|4.494693|0.905558|7.401438|home|384|crystal_palace|0|7.275368|1.270587|8.123295|away
369189|306|hull_city|0|3.408970|0.797126|7.005523|home|384|crystal_palace|1|6.800616|1.344416|8.220893|away
369190|384|crystal_palace|0|6.715409|1.253755|8.089768|home|368|everton|0|3.094585|0.606729|6.045582|away
369191|383|west_bromwich_albion|2|3.835679|0.820487|8.684494|home|384|crystal_palace|0|6.664328|1.072265|7.766150|away
369192|384|crystal_palace|0|6.582597|1.206880|7.554611|home|359|arsenal|2|2.986605|0.750811|7.409730|away
369193|384|crystal_palace|1|7.240398|1.276610|8.243003|home|370|fulham|4|2.766076|0.586276|7.823970|away
369194|364|liverpool|3|4.260444|0.722982|8.589787|home|384|crystal_palace|1|7.821009|1.380250|9.707258|away
369195|376|southampton|2|7.054153|1.409181|9.805764|home|384|crystal_palace|0|7.723184|1.291445|7.792008|away
369196|384|crystal_palace|0|6.478043|1.425353|8.443656|home|318|swansea_city|2|4.975084|1.024211|9.029269|away
369197|360|manchester_united|2|3.488396|0.838574|8.276109|home|384|crystal_palace|0|6.469408|1.394925|8.103402|away
369198|384|crystal_palace|3|7.317953|1.391244|7.691715|home|366|sunderland|1|5.113103|0.684447|5.590384|away
369199|336|stoke_city|2|3.294447|0.762986|8.292201|home|384|crystal_palace|1|7.317953|1.391244|7.691715|away
369200|384|crystal_palace|0|8.379279|1.492563|7.458390|home|367|tottenham_hotspur|1|4.479160|0.769879|8.516709|away
