MatchID|Team1ID|Team1|score_t1|mean_goals_t1_bin_1|mean_assists_t1_bin_1|mean_shots_t1_bin_1|HAteam01|Team2ID|Team2|score_t2|mean_goals_t2_bin_1|mean_assists_t2_bin_1|mean_shots_t2_bin_1|HAteam02
367138|381|norwich_city|0|3.593750|0.542708|6.180208|home|359|arsenal|2|2.717143|0.615873|5.253095|away
367139|367|tottenham_hotspur|3|4.261722|0.714103|7.339011|home|362|aston_villa|0|2.710322|0.600000|6.079072|away
367140|347|cardiff_city|1|3.818590|1.466026|6.200641|home|363|chelsea|2|3.572040|0.475502|5.700607|away
367141|306|hull_city|0|1.632143|0.789550|8.354894|home|368|everton|2|3.786695|0.720868|5.829972|away
367142|376|southampton|1|4.200000|0.783333|10.874359|home|360|manchester_united|1|4.447917|1.089137|7.164583|away
367143|364|liverpool|2|3.745085|0.798001|9.803438|home|361|newcastle_united|1|2.489435|0.390625|5.464137|away
367144|383|west_bromwich_albion|1|3.057003|0.709384|8.545938|home|336|stoke_city|2|1.001961|0.650980|7.690196|away
367145|366|sunderland|1|nan|nan|nan|home|318|swansea_city|3|3.090774|0.703125|5.695313|away
367146|382|manchester_city|2|3.030238|0.768254|7.376508|home|371|west_ham_united|0|5.969608|0.686275|9.503922|away
367147|361|newcastle_united|3|2.625397|0.330000|5.221746|home|347|cardiff_city|0|3.664881|1.456548|6.638690|away
367148|336|stoke_city|4|3.564815|0.673148|7.209259|home|370|fulham|1|2.078571|0.435714|4.829762|away
367149|362|aston_villa|3|2.550891|0.584314|5.819519|home|306|hull_city|1|2.863624|1.298810|7.780820|away
367150|368|everton|2|3.551401|0.600280|5.150560|home|382|manchester_city|3|3.030238|0.768254|7.376508|away
367151|363|chelsea|0|3.800019|0.584198|6.805809|home|381|norwich_city|0|3.777778|0.537963|6.243519|away
367152|318|swansea_city|0|4.046218|0.838235|6.438725|home|376|southampton|1|3.900000|0.727381|10.347619|away
367153|360|manchester_united|0|4.243417|1.086415|8.158263|home|366|sunderland|1|nan|nan|nan|away
367154|371|west_ham_united|2|5.907983|0.624650|9.391176|home|367|tottenham_hotspur|0|3.760159|0.785556|6.960476|away
367155|359|arsenal|1|2.848413|0.629206|6.244127|home|383|west_bromwich_albion|0|3.073810|0.670168|8.573950|away
367156|318|swansea_city|4|4.085434|0.857843|6.830882|home|362|aston_villa|1|2.624421|0.643137|5.804813|away
367157|366|sunderland|4|nan|nan|nan|home|347|cardiff_city|0|3.626282|1.491667|7.405769|away
367158|364|liverpool|0|4.333321|0.739177|9.352457|home|363|chelsea|2|3.631932|0.479874|5.863258|away
367159|376|southampton|2|4.341667|0.848611|10.572222|home|368|everton|0|3.727530|0.641964|5.059970|away
367160|370|fulham|2|2.966667|0.535556|5.787778|home|306|hull_city|2|2.987963|1.330556|8.452778|away
367161|359|arsenal|3|2.865079|0.629206|6.502460|home|361|newcastle_united|0|2.553175|0.346667|4.977302|away
367162|360|manchester_united|4|2.923942|0.920503|6.413492|home|381|norwich_city|0|3.892157|0.432353|6.306863|away
367163|336|stoke_city|0|3.575926|0.628704|7.114815|home|367|tottenham_hotspur|1|4.050159|0.660000|7.648254|away
367164|383|west_bromwich_albion|1|3.041317|0.685854|8.510644|home|371|west_ham_united|0|5.927591|0.614846|8.989216|away
367165|306|hull_city|0|2.863624|1.298810|7.780820|home|359|arsenal|3|3.057823|0.674150|6.693112|away
367166|367|tottenham_hotspur|3|4.055714|0.704444|7.287143|home|370|fulham|1|2.881250|0.514583|5.863542|away
367167|381|norwich_city|2|3.862745|0.471569|6.272549|home|364|liverpool|3|4.321289|0.747199|9.189356|away
367168|368|everton|2|3.454101|0.655820|5.786640|home|360|manchester_united|0|3.235154|0.982493|7.226050|away
367169|362|aston_villa|0|2.624421|0.643137|5.804813|home|376|southampton|0|4.200000|0.783333|10.874359|away
367170|347|cardiff_city|1|4.011806|1.649306|7.261806|home|336|stoke_city|1|3.575926|0.628704|7.114815|away
367171|363|chelsea|1|3.941659|0.565012|7.172246|home|366|sunderland|2|nan|nan|nan|away
367172|361|newcastle_united|1|2.742857|0.304603|5.888413|home|318|swansea_city|2|4.080688|0.949074|7.868056|away
367173|382|manchester_city|3|2.925476|0.711111|6.749841|home|383|west_bromwich_albion|1|2.872354|0.684788|8.074868|away
367174|376|southampton|0|2.883333|0.848611|11.780556|home|347|cardiff_city|1|4.095139|0.990972|7.703472|away
367175|318|swansea_city|0|4.099206|0.949074|8.219907|home|363|chelsea|1|5.299010|0.567320|6.530708|away
367176|366|sunderland|0|nan|nan|nan|home|368|everton|1|3.454101|0.655820|5.786640|away
367177|360|manchester_united|3|4.602222|1.087778|7.484444|home|306|hull_city|1|2.919180|1.280291|7.799339|away
367178|364|liverpool|3|3.789203|0.798001|10.053438|home|382|manchester_city|2|3.030238|0.768254|7.376508|away
367179|336|stoke_city|1|3.575926|0.614815|6.975926|home|361|newcastle_united|0|2.640625|0.314583|6.261458|away
367180|370|fulham|1|2.791667|0.522917|5.582292|home|381|norwich_city|0|3.890196|0.506863|6.213725|away
367181|383|west_bromwich_albion|3|2.971569|0.681373|7.837255|home|367|tottenham_hotspur|3|4.130952|0.656410|6.077473|away
367182|359|arsenal|3|2.998299|0.656293|6.341922|home|371|west_ham_united|1|5.707983|0.622689|8.028431|away
367183|368|everton|3|3.454101|0.655820|5.786640|home|359|arsenal|0|4.046769|0.669898|6.759439|away
367184|362|aston_villa|1|2.512405|0.704167|4.912405|home|370|fulham|2|2.933333|0.574444|5.621111|away
367185|371|west_ham_united|1|5.845238|0.524650|8.592157|home|364|liverpool|2|3.748026|0.815648|9.550497|away
367186|361|newcastle_united|0|1.401042|0.304167|6.475000|home|360|manchester_united|4|3.165923|0.858929|6.530655|away
367187|382|manchester_city|4|3.008588|0.755102|6.558503|home|376|southampton|1|2.892308|0.911538|13.233333|away
367188|363|chelsea|3|5.135435|0.636976|6.984281|home|336|stoke_city|0|3.575926|0.596296|7.003704|away
367189|367|tottenham_hotspur|5|3.889456|0.645238|6.232653|home|366|sunderland|1|nan|nan|nan|away
367190|306|hull_city|1|3.011772|1.287698|8.651190|home|318|swansea_city|0|4.507003|0.906863|9.556373|away
367191|381|norwich_city|0|3.789815|0.566667|6.863889|home|383|west_bromwich_albion|1|3.286458|0.672917|8.516667|away
367192|360|manchester_united|4|4.191036|1.111905|7.696639|home|362|aston_villa|1|2.869519|0.800000|6.824421|away
367193|383|west_bromwich_albion|3|3.137649|0.536012|7.102976|home|347|cardiff_city|3|3.557738|1.861310|8.567262|away
367194|370|fulham|1|3.178571|0.609524|4.754762|home|368|everton|3|3.657283|0.694398|6.127031|away
367195|336|stoke_city|1|3.427778|0.651852|6.550000|home|306|hull_city|0|2.889550|1.243254|8.073413|away
367196|359|arsenal|1|2.810317|0.653016|6.178254|home|382|manchester_city|1|3.008588|0.775510|6.474830|away
367197|376|southampton|4|4.230769|0.634615|11.948718|home|361|newcastle_united|0|1.352241|0.328291|6.505882|away
367198|318|swansea_city|3|4.648065|0.932292|9.653646|home|381|norwich_city|0|3.808333|0.566667|6.956481|away
367199|364|liverpool|4|3.808811|0.827413|10.136771|home|367|tottenham_hotspur|0|3.796825|0.697778|6.534921|away
367200|366|sunderland|1|nan|nan|nan|home|371|west_ham_united|2|5.845238|0.583473|8.577451|away
367201|363|chelsea|6|5.206003|0.526527|6.456893|home|359|arsenal|0|2.670387|0.621131|5.952827|away
367202|382|manchester_city|5|2.753486|0.714286|4.953571|home|370|fulham|0|3.073333|0.582222|4.432222|away
367203|347|cardiff_city|3|3.780128|1.645513|7.918590|home|364|liverpool|6|3.808811|0.827413|10.136771|away
367204|371|west_ham_united|0|5.888375|0.556022|8.616667|home|360|manchester_united|2|3.254762|0.999160|7.745658|away
367205|367|tottenham_hotspur|3|3.933492|0.704444|6.864921|home|376|southampton|2|4.128205|0.839744|11.038462|away
367206|362|aston_villa|1|2.761676|0.682353|6.549911|home|336|stoke_city|4|3.635294|0.588235|6.623529|away
367207|381|norwich_city|2|3.789815|0.566667|6.863889|home|366|sunderland|0|nan|nan|nan|away
367208|368|everton|3|3.657283|0.694398|6.127031|home|318|swansea_city|2|4.413866|0.916667|9.438725|away
367209|306|hull_city|2|1.556217|0.715476|7.878968|home|383|west_bromwich_albion|0|3.507937|0.667778|8.321746|away
367210|367|tottenham_hotspur|0|3.849107|0.722917|7.920238|home|359|arsenal|1|2.670387|0.621131|5.952827|away
367211|368|everton|2|3.657283|0.694398|6.127031|home|347|cardiff_city|1|3.857051|1.676282|7.036538|away
367212|362|aston_villa|1|2.790196|0.741176|6.833333|home|363|chelsea|0|5.141991|0.635665|6.865837|away
367213|360|manchester_united|0|3.358403|1.066246|8.452101|home|364|liverpool|3|3.808811|0.827413|10.136771|away
367214|306|hull_city|0|1.636772|0.743254|8.151190|home|382|manchester_city|2|2.841349|0.723810|6.326508|away
367215|370|fulham|1|3.142857|0.615476|5.844048|home|361|newcastle_united|0|1.832589|0.343601|6.105208|away
367216|376|southampton|4|4.011905|0.803571|11.583333|home|381|norwich_city|2|3.618519|0.571296|6.928704|away
367217|318|swansea_city|1|4.497199|0.926471|8.546569|home|383|west_bromwich_albion|2|3.288690|0.626042|8.009970|away
367218|336|stoke_city|3|3.400000|0.651852|6.161111|home|371|west_ham_united|1|5.888375|0.556022|8.616667|away
367219|382|manchester_city|4|2.808016|0.723810|6.216508|home|362|aston_villa|0|2.554072|0.600000|5.349905|away
367220|361|newcastle_united|0|2.533613|0.411625|6.584314|home|368|everton|3|3.657283|0.694398|6.127031|away
367221|347|cardiff_city|3|3.754487|1.722436|8.354487|home|370|fulham|1|3.153333|0.604444|4.941111|away
367222|371|west_ham_united|2|5.942297|0.693277|9.685294|home|306|hull_city|1|1.556217|0.715476|7.878968|away
367223|383|west_bromwich_albion|0|3.116667|0.680392|8.474510|home|360|manchester_united|3|3.368207|0.990756|8.128571|away
367224|381|norwich_city|1|3.863889|0.640741|7.252778|home|336|stoke_city|1|3.548148|0.651852|6.707407|away
367225|364|liverpool|2|3.808811|0.827413|10.136771|home|366|sunderland|1|nan|nan|nan|away
367226|359|arsenal|2|2.810317|0.653016|6.178254|home|318|swansea_city|2|4.648065|0.932292|9.653646|away
367227|363|chelsea|4|5.334791|0.633598|6.479115|home|367|tottenham_hotspur|0|3.867857|0.710417|7.920238|away
367228|336|stoke_city|1|3.437037|0.587037|5.864815|home|359|arsenal|0|2.695387|0.658631|6.127827|away
367229|367|tottenham_hotspur|1|4.147937|0.746667|8.326032|home|347|cardiff_city|0|3.557738|1.527976|7.638690|away
367230|370|fulham|1|3.068750|0.608333|7.045833|home|363|chelsea|3|5.014697|0.594362|6.580872|away
367231|376|southampton|0|4.443590|0.885897|12.541026|home|364|liverpool|3|4.039421|0.863501|10.650528|away
367232|360|manchester_united|0|3.071825|0.976455|6.949206|home|382|manchester_city|3|3.008588|0.775510|6.474830|away
367233|306|hull_city|1|1.678439|0.826587|8.567857|home|361|newcastle_united|4|1.841518|0.345833|6.286012|away
367234|362|aston_villa|4|2.761676|0.682353|6.549911|home|381|norwich_city|1|3.382407|0.640741|7.012037|away
367235|366|sunderland|2|nan|nan|nan|home|383|west_bromwich_albion|0|3.059104|0.626050|8.206303|away
367236|368|everton|1|3.739636|0.776751|6.868207|home|371|west_ham_united|0|5.888375|0.556022|8.616667|away
367237|361|newcastle_united|1|2.607143|0.330208|5.957887|home|362|aston_villa|0|2.691582|0.700000|6.574916|away
367238|363|chelsea|1|5.473252|0.697623|7.316566|home|368|everton|0|3.417593|0.712963|5.878704|away
367239|383|west_bromwich_albion|1|3.061905|0.710784|7.757423|home|370|fulham|1|2.957778|0.541111|5.574444|away
367240|347|cardiff_city|0|3.795833|1.877976|6.605357|home|306|hull_city|4|1.678439|0.826587|8.567857|away
367241|371|west_ham_united|3|5.823669|0.497199|7.799020|home|376|southampton|1|3.641026|0.839744|12.192308|away
367242|382|manchester_city|1|3.008588|0.775510|6.474830|home|336|stoke_city|0|3.575926|0.670370|7.281481|away
367243|359|arsenal|4|2.721429|0.634673|6.048661|home|366|sunderland|1|2.010794|0.526984|6.413333|away
367244|364|liverpool|4|4.039421|0.863501|10.650528|home|318|swansea_city|3|4.271709|0.965686|8.568627|away
367245|381|norwich_city|1|3.803704|0.571296|6.854630|home|367|tottenham_hotspur|0|4.262075|0.683333|7.593367|away
367246|370|fulham|2|2.818750|0.638542|4.210417|home|364|liverpool|3|4.014421|0.801001|9.842194|away
367247|382|manchester_city|2|2.873095|0.558730|6.118889|home|366|sunderland|2|nan|nan|nan|away
367248|361|newcastle_united|0|2.568487|0.441176|7.034874|home|367|tottenham_hotspur|4|3.964603|0.691111|7.376032|away
367249|383|west_bromwich_albion|1|3.042297|0.679972|7.967507|home|363|chelsea|1|5.292300|0.724463|6.503579|away
367250|347|cardiff_city|0|3.819643|1.485119|7.129167|home|362|aston_villa|0|2.761676|0.682353|6.549911|away
367251|359|arsenal|0|2.852857|0.710317|5.913016|home|360|manchester_united|0|3.495658|0.969608|8.581513|away
367252|371|west_ham_united|2|6.490336|0.526611|11.789216|home|381|norwich_city|0|3.766667|0.589815|6.576852|away
367253|306|hull_city|0|3.188936|1.375210|9.022829|home|376|southampton|1|3.228889|0.767778|11.374444|away
367254|336|stoke_city|1|3.575926|0.628704|6.966667|home|318|swansea_city|1|4.512649|1.046875|8.716146|away
367255|364|liverpool|5|4.626921|0.788501|9.167194|home|359|arsenal|1|2.252857|0.710317|6.068571|away
367256|318|swansea_city|3|4.286415|1.024510|8.556373|home|347|cardiff_city|0|3.486310|1.635119|7.936310|away
367257|367|tottenham_hotspur|1|3.823492|0.707778|8.539365|home|368|everton|0|3.598148|0.726852|5.962037|away
367258|360|manchester_united|2|3.454482|0.972549|7.397199|home|370|fulham|2|3.006667|0.681111|4.374444|away
367259|366|sunderland|0|nan|nan|nan|home|306|hull_city|2|3.144818|1.326190|8.522829|away
367260|381|norwich_city|0|4.155882|0.615686|6.331373|home|382|manchester_city|0|3.132326|0.681319|6.126740|away
367261|363|chelsea|3|5.323252|0.689542|7.078183|home|361|newcastle_united|0|2.395685|0.477083|5.478720|away
367262|376|southampton|2|3.027083|0.719792|10.882292|home|336|stoke_city|2|3.464815|0.466667|5.675000|away
367263|362|aston_villa|0|2.771480|0.741176|6.687166|home|371|west_ham_united|2|6.500140|0.565826|11.818627|away
367264|368|everton|2|3.167593|0.731481|5.938889|home|362|aston_villa|1|2.653832|0.662745|6.000891|away
367265|382|manchester_city|0|3.110348|0.681319|6.009158|home|363|chelsea|1|5.030322|0.646446|6.726705|away
367266|383|west_bromwich_albion|1|2.787302|0.605159|6.930952|home|364|liverpool|1|4.626921|0.788501|9.167194|away
367267|336|stoke_city|2|3.548148|0.647222|6.651852|home|360|manchester_united|1|3.403501|0.984874|7.791317|away
367268|347|cardiff_city|2|3.921154|1.876282|8.905769|home|381|norwich_city|1|4.023148|0.588889|7.104630|away
367269|370|fulham|0|3.519048|0.765476|6.984524|home|376|southampton|3|3.459524|0.822619|12.186905|away
367270|361|newcastle_united|0|2.395685|0.487500|5.582887|home|366|sunderland|3|nan|nan|nan|away
367271|371|west_ham_united|2|6.611905|0.601120|13.193137|home|318|swansea_city|0|3.158964|0.985294|8.531863|away
367272|306|hull_city|1|3.032073|1.355602|8.071849|home|367|tottenham_hotspur|1|4.049048|0.724444|7.538254|away
367273|367|tottenham_hotspur|1|4.312075|0.790476|8.124320|home|382|manchester_city|5|3.137755|0.644558|7.090136|away
367274|363|chelsea|0|5.199010|0.589542|6.175152|home|371|west_ham_united|0|6.626611|0.640336|13.119608|away
367275|364|liverpool|4|4.918716|0.841068|9.611674|home|368|everton|0|3.305952|0.685450|6.519048|away
367276|376|southampton|2|2.923810|0.644048|8.829762|home|359|arsenal|2|2.270635|0.651429|6.394127|away
367277|360|manchester_united|2|3.468207|0.991176|7.465826|home|347|cardiff_city|0|4.141071|1.825595|9.472024|away
367278|318|swansea_city|2|3.085565|0.869792|7.403646|home|370|fulham|0|3.786667|0.814444|9.624444|away
367279|381|norwich_city|0|4.004630|0.625926|6.697222|home|361|newcastle_united|0|2.433175|0.403333|5.177302|away
367280|366|sunderland|1|nan|nan|nan|home|336|stoke_city|0|3.575926|0.628704|6.966667|away
367281|362|aston_villa|4|2.653832|0.662745|6.000891|home|383|west_bromwich_albion|3|2.771429|0.646825|7.478571|away
367282|364|liverpool|2|4.378279|0.815648|9.472065|home|362|aston_villa|2|2.934280|0.641667|6.500947|away
367283|382|manchester_city|4|2.963571|0.668254|6.957460|home|347|cardiff_city|2|3.962500|1.932738|11.079167|away
367284|383|west_bromwich_albion|1|2.907540|0.646825|7.861905|home|368|everton|1|3.213360|0.683598|5.919048|away
367285|359|arsenal|2|2.282823|0.647959|6.329422|home|370|fulham|0|3.347059|0.754902|8.227451|away
367286|381|norwich_city|1|4.039815|0.622222|7.424074|home|306|hull_city|0|1.483995|0.733995|7.308598|away
367287|363|chelsea|3|4.954429|0.736475|5.927598|home|360|manchester_united|1|2.900000|0.739776|4.960784|away
367288|371|west_ham_united|1|6.616667|0.482222|8.892063|home|361|newcastle_united|3|2.696131|0.415476|7.713542|away
367289|366|sunderland|2|nan|nan|nan|home|376|southampton|2|3.380952|0.779762|11.583333|away
367290|318|swansea_city|1|2.793899|0.537500|4.346354|home|367|tottenham_hotspur|3|4.312075|0.790476|8.124320|away
367291|362|aston_villa|1|2.891667|0.683333|6.197917|home|359|arsenal|2|2.282823|0.647959|6.329422|away
367292|306|hull_city|0|1.488624|0.747884|7.063228|home|363|chelsea|2|5.097956|0.721129|5.403781|away
367293|336|stoke_city|3|0.854902|0.597059|6.273529|home|364|liverpool|5|3.748796|0.766626|9.882819|away
367294|361|newcastle_united|0|2.630506|0.465476|7.563542|home|382|manchester_city|2|2.808016|0.723810|6.216508|away
367295|368|everton|2|3.259656|0.724339|6.287566|home|381|norwich_city|0|3.900000|0.565686|5.953922|away
367296|370|fulham|1|3.790741|0.761111|9.312037|home|366|sunderland|4|nan|nan|nan|away
367297|360|manchester_united|2|3.233333|0.728413|4.931111|home|318|swansea_city|0|2.913492|0.506667|4.080556|away
367298|376|southampton|1|3.380952|0.779762|11.583333|home|383|west_bromwich_albion|0|2.813228|0.479233|6.329101|away
367299|347|cardiff_city|0|4.267308|2.081410|10.777564|home|371|west_ham_united|2|6.065625|0.483333|7.260268|away
367300|366|sunderland|0|2.250850|0.444388|5.914286|home|362|aston_villa|1|3.087778|0.662222|6.714444|away
367301|359|arsenal|2|2.058543|0.651961|5.554902|home|347|cardiff_city|0|3.642778|1.763889|9.820556|away
367302|376|southampton|0|3.525641|0.891026|11.884615|home|363|chelsea|3|5.241030|0.700350|6.186465|away
367303|336|stoke_city|1|0.952941|0.611765|6.626471|home|368|everton|1|3.333730|0.715079|7.150529|away
367304|364|liverpool|2|4.620387|0.856399|10.003274|home|306|hull_city|0|1.488624|0.747884|7.063228|away
367305|318|swansea_city|2|3.407313|0.851190|6.889881|home|382|manchester_city|3|2.583408|0.535714|5.212351|away
367306|383|west_bromwich_albion|1|2.913095|0.557937|7.191534|home|361|newcastle_united|0|2.658185|0.402083|7.722470|away
367307|360|manchester_united|1|3.035854|0.774090|5.614846|home|367|tottenham_hotspur|2|4.352551|0.775000|7.752891|away
367308|370|fulham|2|2.358333|0.700000|9.080208|home|371|west_ham_united|1|6.161458|0.512500|7.134226|away
367309|361|newcastle_united|0|2.670685|0.452083|7.416220|home|359|arsenal|1|2.107540|0.760582|6.461905|away
367310|306|hull_city|6|1.465476|0.664550|6.591005|home|370|fulham|0|1.972917|0.550000|6.317708|away
367311|363|chelsea|2|5.203512|0.750422|5.978529|home|364|liverpool|1|4.785556|0.718254|9.301905|away
367312|381|norwich_city|0|4.179412|0.619608|6.375490|home|360|manchester_united|1|3.079167|0.714137|4.884375|away
367313|368|everton|2|1.394841|0.556746|7.168122|home|376|southampton|1|3.333333|0.891026|11.038462|away
367314|367|tottenham_hotspur|3|4.856593|0.792308|8.469780|home|336|stoke_city|0|0.835294|0.408824|4.998039|away
367315|347|cardiff_city|2|4.010119|1.818452|10.307738|home|366|sunderland|2|2.327839|0.324725|5.253846|away
367316|362|aston_villa|1|2.767778|0.640000|5.383333|home|318|swansea_city|1|3.407313|0.851190|7.157738|away
367317|371|west_ham_united|3|6.518889|0.480000|7.033175|home|383|west_bromwich_albion|3|2.762302|0.525529|6.458730|away
367318|371|west_ham_united|1|6.198958|0.462500|7.281101|home|359|arsenal|3|2.320685|0.760268|7.328199|away
367319|381|norwich_city|1|4.238235|0.580392|6.551961|home|370|fulham|2|1.896078|0.668627|8.032353|away
367320|382|manchester_city|2|2.632515|0.678571|5.803869|home|364|liverpool|1|4.564583|0.704613|9.126786|away
367321|306|hull_city|2|1.465476|0.664550|6.591005|home|360|manchester_united|3|3.045658|0.769188|5.781513|away
367322|347|cardiff_city|0|3.795833|2.068452|10.093452|home|376|southampton|3|3.435897|0.711538|11.455128|away
367323|361|newcastle_united|5|2.673810|0.438542|7.649554|home|336|stoke_city|1|0.952941|0.597059|6.739216|away
367324|368|everton|0|3.331878|0.642857|7.411640|home|366|sunderland|1|2.218864|0.427289|4.676923|away
367325|363|chelsea|1|5.231391|0.785574|6.136105|home|318|swansea_city|0|3.359694|0.803571|6.818452|away
367326|367|tottenham_hotspur|1|4.707875|0.684615|8.159524|home|383|west_bromwich_albion|1|2.827116|0.502381|6.755026|away
367327|336|stoke_city|2|3.529630|0.559259|6.147222|home|362|aston_villa|1|2.534444|0.573333|4.238889|away
367328|364|liverpool|3|4.266667|0.633754|8.496779|home|347|cardiff_city|1|3.938690|2.139881|10.986310|away
367329|359|arsenal|0|2.351935|0.781101|7.401116|home|363|chelsea|0|5.231391|0.785574|6.136105|away
367330|318|swansea_city|1|3.335884|0.803571|6.604167|home|368|everton|2|3.239286|0.633598|6.532011|away
367331|383|west_bromwich_albion|1|2.928968|0.557937|7.227249|home|306|hull_city|1|1.465476|0.664550|6.591005|away
367332|370|fulham|2|2.635185|0.712963|6.663889|home|382|manchester_city|4|2.788968|0.701587|5.972540|away
367333|366|sunderland|0|nan|nan|nan|home|381|norwich_city|0|4.202941|0.619608|6.261765|away
367334|376|southampton|2|3.227273|0.780303|13.257576|home|367|tottenham_hotspur|3|4.597789|0.713095|9.398129|away
367335|360|manchester_united|3|3.085854|0.783894|5.676611|home|371|west_ham_united|1|6.053125|0.462500|6.343601|away
367336|382|manchester_city|6|3.030238|0.768254|7.376508|home|359|arsenal|3|2.245238|0.682440|6.927307|away
367337|368|everton|4|3.540212|0.615079|6.842196|home|370|fulham|1|3.014815|0.740741|7.075926|away
367338|367|tottenham_hotspur|0|4.376825|0.877778|10.083810|home|364|liverpool|5|4.266667|0.633754|8.496779|away
367339|362|aston_villa|0|2.855208|0.683333|5.942708|home|360|manchester_united|3|2.940179|0.744345|4.503274|away
367340|361|newcastle_united|1|2.598810|0.473958|6.359970|home|376|southampton|1|3.196970|0.719697|13.318182|away
367341|306|hull_city|0|1.551681|0.703641|6.802241|home|336|stoke_city|0|3.381481|0.614815|5.693519|away
367342|371|west_ham_united|0|6.053125|0.462500|6.343601|home|366|sunderland|0|nan|nan|nan|away
367343|381|norwich_city|1|2.077451|0.547059|5.600980|home|318|swansea_city|1|4.689732|0.994792|9.403646|away
367344|347|cardiff_city|1|4.010119|2.151786|11.236310|home|383|west_bromwich_albion|0|1.415079|0.544048|7.213360|away
367345|370|fulham|2|3.103922|0.769608|7.080392|home|362|aston_villa|0|2.736275|0.643137|6.132353|away
367346|336|stoke_city|3|3.529630|0.633333|6.425000|home|363|chelsea|2|5.129919|0.644794|6.264243|away
367347|359|arsenal|1|2.260863|0.741815|6.962723|home|368|everton|1|3.581878|0.642857|7.369974|away
367348|318|swansea_city|1|3.383333|0.927778|9.919444|home|306|hull_city|1|1.551681|0.703641|6.802241|away
367349|376|southampton|1|3.266667|0.791667|13.200000|home|382|manchester_city|1|2.944524|0.615873|6.635556|away
367350|360|manchester_united|0|3.381548|0.865774|7.404613|home|361|newcastle_united|1|2.694643|0.407292|7.618304|away
367351|383|west_bromwich_albion|0|1.461905|0.718207|8.237115|home|381|norwich_city|2|2.077451|0.547059|5.600980|away
367352|366|sunderland|1|nan|nan|nan|home|367|tottenham_hotspur|2|4.376825|0.877778|10.083810|away
367353|364|liverpool|4|4.299720|0.794258|8.995238|home|371|west_ham_united|1|5.893137|0.505882|7.652801|away
367354|370|fulham|1|2.987037|0.800926|8.335185|home|367|tottenham_hotspur|2|4.228274|0.833333|9.672321|away
367355|383|west_bromwich_albion|2|1.473280|0.645899|7.640608|home|382|manchester_city|3|2.977857|0.596825|6.823651|away
367356|364|liverpool|5|4.350700|0.776611|9.507983|home|381|norwich_city|1|2.077451|0.547059|5.600980|away
367357|376|southampton|2|2.938889|0.959722|12.683333|home|362|aston_villa|3|2.891667|0.683333|6.197917|away
367358|336|stoke_city|0|3.529630|0.633333|6.276852|home|347|cardiff_city|0|4.295833|1.782738|10.629167|away
367359|366|sunderland|3|nan|nan|nan|home|363|chelsea|4|5.059299|0.729495|6.810228|away
367360|360|manchester_united|0|3.224370|0.907003|7.504482|home|368|everton|1|3.581878|0.642857|7.369974|away
367361|359|arsenal|2|2.260863|0.741815|6.962723|home|306|hull_city|0|1.414426|0.703641|6.684594|away
367362|318|swansea_city|3|4.116667|0.927778|7.475000|home|361|newcastle_united|0|2.509226|0.431250|5.853720|away
367363|347|cardiff_city|0|4.010119|2.230357|12.114881|home|359|arsenal|3|2.208780|0.718899|6.854390|away
367364|371|west_ham_united|3|5.951961|0.564706|8.297059|home|370|fulham|0|2.800000|0.632353|5.952941|away
367365|306|hull_city|3|1.532073|0.703641|6.743417|home|364|liverpool|1|4.350700|0.776611|9.507983|away
367366|367|tottenham_hotspur|2|3.936607|0.765625|8.068155|home|360|manchester_united|2|3.017460|0.898280|7.425529|away
367367|363|chelsea|3|5.059299|0.729495|6.810228|home|376|southampton|1|4.126190|0.822619|11.907143|away
367368|368|everton|4|3.537434|0.609524|7.047751|home|336|stoke_city|0|3.465741|0.486111|5.755556|away
367369|362|aston_villa|0|2.891667|0.683333|6.197917|home|366|sunderland|0|nan|nan|nan|away
367370|382|manchester_city|3|2.944524|0.615873|6.630000|home|318|swansea_city|0|4.116667|0.927778|7.163889|away
367371|361|newcastle_united|2|2.686310|0.457292|7.405804|home|383|west_bromwich_albion|1|1.280688|0.632937|8.049868|away
367372|383|west_bromwich_albion|2|1.466667|0.633333|8.360185|home|362|aston_villa|2|2.765686|0.623529|6.250000|away
367373|371|west_ham_united|0|5.951961|0.564706|8.297059|home|363|chelsea|3|5.246586|0.733683|6.419799|away
367374|368|everton|3|3.655952|0.716931|7.740344|home|364|liverpool|3|4.083321|0.592119|7.053438|away
367375|347|cardiff_city|2|4.010119|2.230357|12.114881|home|360|manchester_united|2|3.155742|0.911905|7.038796|away
367376|361|newcastle_united|2|2.677381|0.481101|7.313542|home|381|norwich_city|1|2.175490|0.586275|6.444118|away
367377|359|arsenal|2|2.198363|0.713690|6.567932|home|376|southampton|0|4.405128|0.885897|12.534615|away
367378|336|stoke_city|2|3.475000|0.546296|6.695370|home|366|sunderland|0|nan|nan|nan|away
367379|370|fulham|1|3.170588|0.634314|8.190196|home|318|swansea_city|2|4.357937|0.638889|6.141667|away
367380|382|manchester_city|6|2.863571|0.577778|5.946667|home|367|tottenham_hotspur|0|3.876611|0.823529|10.127871|away
367381|360|manchester_united|1|3.502801|0.957423|8.692717|home|359|arsenal|0|2.124286|0.616667|6.163413|away
367382|362|aston_villa|2|2.685556|0.573333|4.527778|home|347|cardiff_city|0|3.809444|2.115000|11.540556|away
367383|364|liverpool|4|4.142144|0.719570|7.607359|home|370|fulham|0|3.027778|0.610185|8.068519|away
367384|376|southampton|4|3.751282|0.860256|12.643590|home|306|hull_city|1|2.840476|1.275661|7.331746|away
367385|366|sunderland|1|nan|nan|nan|home|382|manchester_city|0|2.911190|0.582540|6.246667|away
367386|367|tottenham_hotspur|0|3.196667|0.844444|10.243333|home|361|newcastle_united|1|2.686310|0.457292|7.405804|away
367387|318|swansea_city|3|3.454932|0.732143|7.175595|home|336|stoke_city|3|3.548148|0.675000|7.151852|away
367388|363|chelsea|2|5.262343|0.750653|6.710708|home|383|west_bromwich_albion|2|1.466667|0.670370|8.369444|away
367389|381|norwich_city|3|3.632407|0.640741|7.002778|home|371|west_ham_united|1|6.303125|0.558333|8.065625|away
367390|371|west_ham_united|0|6.231250|0.483333|7.628125|home|362|aston_villa|0|2.667708|0.600000|5.182292|away
367391|361|newcastle_united|2|2.686310|0.441667|7.343304|home|363|chelsea|0|5.231391|0.785574|6.136105|away
367392|359|arsenal|2|2.259354|0.609524|5.976276|home|364|liverpool|0|3.442144|0.562707|6.425006|away
367393|370|fulham|1|2.990741|0.665741|8.105556|home|360|manchester_united|3|3.489076|0.928011|8.896639|away
367394|382|manchester_city|7|2.970238|0.768254|7.135238|home|381|norwich_city|0|3.724510|0.517647|5.257843|away
367395|336|stoke_city|1|3.548148|0.675000|7.151852|home|376|southampton|1|3.519048|0.798810|11.740476|away
367396|306|hull_city|1|2.983053|1.306583|7.214006|home|366|sunderland|0|nan|nan|nan|away
367397|347|cardiff_city|1|3.809444|2.115000|11.540556|home|318|swansea_city|0|4.863492|0.772222|8.944444|away
367398|368|everton|0|3.646693|0.726190|7.712566|home|367|tottenham_hotspur|0|3.952232|0.854167|9.656696|away
367399|381|norwich_city|0|2.333333|0.528704|6.789815|home|347|cardiff_city|0|3.914881|2.051786|11.198214|away
367400|362|aston_villa|0|3.084444|0.706667|6.500000|home|368|everton|2|3.646693|0.726190|7.712566|away
367401|376|southampton|2|3.483333|0.804762|11.734524|home|370|fulham|0|3.042593|0.699074|7.446296|away
367402|367|tottenham_hotspur|1|3.952232|0.869792|9.812946|home|306|hull_city|0|2.963445|1.306583|7.277731|away
367403|363|chelsea|2|5.231391|0.785574|6.136105|home|382|manchester_city|1|2.977857|0.768254|7.299048|away
367404|366|sunderland|2|2.181092|0.444398|5.303922|home|361|newcastle_united|1|2.557703|0.454902|7.215266|away
367405|360|manchester_united|3|3.492997|0.986835|8.869188|home|336|stoke_city|2|3.548148|0.619444|6.994444|away
367406|364|liverpool|4|3.884247|0.587001|6.823617|home|383|west_bromwich_albion|1|1.464021|0.678307|8.223942|away
367407|318|swansea_city|0|4.874603|0.927778|9.577778|home|371|west_ham_united|0|6.283333|0.629167|9.289583|away
367408|363|chelsea|4|5.265051|0.767205|6.197643|home|347|cardiff_city|1|4.076111|2.208333|11.887222|away
367409|368|everton|2|3.827249|0.814153|8.990344|home|306|hull_city|1|1.556583|0.733053|6.733613|away
367410|361|newcastle_united|2|2.717560|0.441667|7.499554|home|364|liverpool|2|3.884247|0.573112|6.781950|away
367411|371|west_ham_united|1|6.309375|0.618750|9.784375|home|382|manchester_city|3|2.809598|0.720238|6.914286|away
367412|359|arsenal|4|2.064435|0.598958|6.038616|home|381|norwich_city|1|3.613889|0.640741|7.164815|away
367413|360|manchester_united|1|3.761310|0.985565|9.167262|home|376|southampton|1|3.483333|0.822619|12.288095|away
367414|318|swansea_city|4|4.913492|0.838889|8.719444|home|366|sunderland|0|2.071032|0.430820|5.164815|away
367415|362|aston_villa|0|3.087778|0.706667|6.770000|home|367|tottenham_hotspur|2|3.952232|0.869792|9.812946|away
367416|336|stoke_city|0|3.548148|0.656481|7.096296|home|383|west_bromwich_albion|0|1.485185|0.688889|8.230556|away
367417|383|west_bromwich_albion|1|1.049206|0.493122|6.642460|home|359|arsenal|1|1.921577|0.505208|4.677753|away
367418|306|hull_city|0|1.562698|0.710847|6.933598|home|362|aston_villa|0|2.615625|0.600000|5.119792|away
367419|381|norwich_city|1|3.833333|0.537963|6.762037|home|363|chelsea|3|5.289010|0.757926|6.831920|away
367420|382|manchester_city|3|2.815848|0.720238|6.960119|home|368|everton|1|3.755026|0.758598|8.794048|away
367421|366|sunderland|1|2.305238|0.426984|4.974444|home|360|manchester_united|2|3.412605|0.948179|8.149580|away
367422|347|cardiff_city|1|3.809444|2.115000|11.540556|home|361|newcastle_united|2|2.660268|0.379167|7.218304|away
367423|370|fulham|1|3.737037|0.712037|8.875926|home|336|stoke_city|0|3.548148|0.675000|7.151852|away
367424|376|southampton|2|3.507143|0.870238|12.240476|home|318|swansea_city|0|4.780159|0.688889|8.236111|away
367425|367|tottenham_hotspur|0|4.186607|0.729167|9.516071|home|371|west_ham_united|3|6.391667|0.589583|8.800000|away
367426|318|swansea_city|1|5.193027|0.851190|8.699405|home|359|arsenal|2|1.890327|0.484375|4.552753|away
367427|370|fulham|1|3.750000|0.669444|9.201852|home|347|cardiff_city|2|3.809444|2.115000|11.540556|away
367428|367|tottenham_hotspur|1|4.186607|0.729167|9.516071|home|363|chelsea|1|4.991391|0.665574|5.402771|away
367429|366|sunderland|1|2.271905|0.426984|4.641111|home|364|liverpool|3|4.039570|0.914543|10.250528|away
367430|362|aston_villa|3|2.534444|0.555556|4.441111|home|382|manchester_city|2|2.722302|0.571429|5.416508|away
367431|368|everton|3|3.758730|0.736376|8.345899|home|361|newcastle_united|2|2.832063|0.454444|7.099524|away
367432|336|stoke_city|0|3.548148|0.633333|6.887963|home|381|norwich_city|1|3.978431|0.428431|5.934314|away
367433|360|manchester_united|1|4.458683|1.176611|8.862325|home|383|west_bromwich_albion|2|1.024339|0.522751|6.661508|away
367434|306|hull_city|1|1.556583|0.733053|6.733613|home|371|west_ham_united|0|6.370833|0.600000|9.227083|away
367435|381|norwich_city|0|3.859259|0.552778|6.197222|home|362|aston_villa|1|3.040000|0.644444|6.268889|away
367436|371|west_ham_united|2|6.339583|0.556250|8.517708|home|368|everton|3|3.578175|0.648413|7.068122|away
367437|363|chelsea|2|5.463178|0.650885|5.488900|home|370|fulham|0|3.505882|0.636275|6.986275|away
367438|361|newcastle_united|2|2.670685|0.457292|7.187054|home|306|hull_city|3|1.629412|0.747059|6.974510|away
367439|382|manchester_city|4|2.944524|0.596825|6.654603|home|360|manchester_united|1|3.896164|1.000132|7.144974|away
367440|364|liverpool|0|4.112872|0.810326|7.543914|home|376|southampton|1|3.751282|0.860256|12.643590|away
367441|359|arsenal|3|2.780952|0.489583|4.531920|home|336|stoke_city|1|3.548148|0.675000|7.054630|away
367442|383|west_bromwich_albion|3|2.207672|0.609788|7.124471|home|366|sunderland|0|2.511565|0.439626|5.627381|away
367443|347|cardiff_city|0|3.914881|2.051786|11.198214|home|367|tottenham_hotspur|1|3.986825|0.741111|8.753810|away
367444|366|sunderland|1|nan|nan|nan|home|359|arsenal|3|1.992540|0.580159|5.114206|away
367445|306|hull_city|1|2.767367|1.272269|7.645378|home|347|cardiff_city|1|1.962500|1.997024|12.545833|away
367446|368|everton|1|3.428704|0.653704|6.217593|home|363|chelsea|0|5.347919|0.681369|5.606144|away
367447|318|swansea_city|2|4.913492|0.838889|9.169444|home|364|liverpool|2|4.294927|0.848471|7.340409|away
367448|336|stoke_city|0|3.548148|0.675000|7.054630|home|382|manchester_city|0|2.944524|0.596825|6.509048|away
367449|362|aston_villa|1|3.084444|0.706667|6.255556|home|361|newcastle_united|2|2.670685|0.457292|7.562054|away
367450|367|tottenham_hotspur|2|3.839732|0.705208|9.542113|home|381|norwich_city|0|3.814815|0.575000|6.706481|away
367451|370|fulham|1|3.700000|0.744444|9.079630|home|383|west_bromwich_albion|1|1.016799|0.573148|6.694048|away
367452|376|southampton|0|3.483333|0.822619|12.288095|home|371|west_ham_united|0|6.235417|0.504167|7.804167|away
367453|363|chelsea|2|5.193728|0.625112|6.295989|home|362|aston_villa|1|2.891667|0.745833|6.093750|away
367454|347|cardiff_city|0|4.040104|2.076563|11.038021|home|368|everton|0|3.747222|0.808333|8.515741|away
367455|361|newcastle_united|1|2.733185|0.478125|7.567262|home|370|fulham|0|3.740741|0.781481|9.678704|away
367456|382|manchester_city|2|2.996905|0.768254|7.201905|home|306|hull_city|0|1.571289|0.791877|7.478711|away
367457|364|liverpool|1|4.288528|0.892221|8.282075|home|360|manchester_united|0|3.029894|0.844577|6.870767|away
367458|381|norwich_city|1|3.800926|0.592593|6.550926|home|376|southampton|0|3.519048|0.846429|11.835714|away
367459|371|west_ham_united|0|6.235417|0.475000|7.508333|home|336|stoke_city|1|3.525000|0.503704|6.165741|away
367460|383|west_bromwich_albion|0|1.002116|0.443122|5.701323|home|318|swansea_city|2|4.564732|0.928125|8.804687|away
367461|359|arsenal|1|2.635863|0.627232|6.264807|home|367|tottenham_hotspur|0|4.136607|0.720833|9.682738|away
367462|370|fulham|1|3.685185|0.762963|8.498148|home|359|arsenal|3|2.689435|0.732143|6.434449|away
367463|360|manchester_united|0|3.015344|0.906085|6.700132|home|363|chelsea|0|5.139443|0.673366|5.988053|away
367464|362|aston_villa|0|2.922917|0.662500|5.958333|home|364|liverpool|1|4.099987|0.859346|8.231169|away
367465|347|cardiff_city|3|3.976111|2.015000|10.373889|home|382|manchester_city|2|2.840848|0.720238|7.017411|away
367466|306|hull_city|1|1.630112|0.762465|7.743417|home|381|norwich_city|0|3.643519|0.481481|5.587963|away
367467|376|southampton|1|3.751282|0.860256|12.643590|home|366|sunderland|1|2.549660|0.477721|5.910714|away
367468|367|tottenham_hotspur|1|3.599160|0.624510|7.500420|home|318|swansea_city|0|4.564732|0.928125|8.804687|away
367469|368|everton|0|3.895370|0.947222|9.839815|home|383|west_bromwich_albion|0|2.223413|0.523677|6.489286|away
367470|361|newcastle_united|0|2.524370|0.426471|6.240756|home|371|west_ham_united|0|6.287500|0.568750|8.115476|away
367471|359|arsenal|1|2.564846|0.697479|6.207213|home|362|aston_villa|3|2.907292|0.600000|6.390625|away
367472|371|west_ham_united|2|6.287500|0.568750|8.115476|home|347|cardiff_city|0|3.956771|1.722396|10.829688|away
367473|381|norwich_city|2|3.371296|0.496296|5.088889|home|368|everton|2|3.895370|0.947222|9.839815|away
367474|366|sunderland|0|2.550916|0.499084|4.765385|home|370|fulham|1|3.088889|0.708333|8.830556|away
367475|363|chelsea|2|5.370395|0.647199|7.091275|home|306|hull_city|0|1.630112|0.762465|7.743417|away
367476|318|swansea_city|1|4.824603|0.844444|9.280556|home|360|manchester_united|4|3.153501|0.885854|6.604062|away
367477|382|manchester_city|4|2.872098|0.720238|7.181101|home|361|newcastle_united|0|2.509664|0.450980|6.873109|away
367478|383|west_bromwich_albion|0|2.750926|0.545370|6.471296|home|376|southampton|1|3.519048|0.798810|11.829762|away
367479|364|liverpool|1|4.324986|0.881805|8.604992|home|336|stoke_city|0|3.525000|0.489815|6.175000|away
369163|370|fulham|2|2.114286|0.382143|5.538095|home|384|crystal_palace|2|6.303492|1.229048|9.586508|away
369164|384|crystal_palace|3|6.658503|1.245408|9.533163|home|364|liverpool|3|3.759791|0.768589|9.734810|away
369165|384|crystal_palace|0|6.303492|1.229048|9.586508|home|382|manchester_city|2|2.944524|0.615873|6.635556|away
369166|371|west_ham_united|0|5.884454|0.632493|8.680392|home|384|crystal_palace|1|6.718027|1.298980|10.074830|away
369167|384|crystal_palace|1|6.303492|1.229048|9.586508|home|362|aston_villa|0|2.353620|0.681481|6.088805|away
369168|347|cardiff_city|0|3.510119|1.968452|9.055357|home|384|crystal_palace|3|6.303492|1.229048|9.586508|away
369169|384|crystal_palace|1|7.029670|1.363004|10.003663|home|363|chelsea|0|2.633753|0.624869|7.003337|away
369170|361|newcastle_united|1|2.533613|0.411625|6.584314|home|384|crystal_palace|0|6.551361|1.265646|9.384354|away
369171|366|sunderland|0|nan|nan|nan|home|384|crystal_palace|0|6.712075|1.352551|10.158163|away
369172|384|crystal_palace|0|5.878274|1.279315|9.305060|home|376|southampton|1|4.443590|0.885897|12.541026|away
369173|318|swansea_city|1|4.403274|0.921875|7.622396|home|384|crystal_palace|1|6.147937|1.247937|8.419841|away
369174|384|crystal_palace|0|6.286825|1.242381|9.719841|home|360|manchester_united|2|3.556443|1.025490|8.340336|away
369175|368|everton|2|3.454101|0.655820|5.786640|home|384|crystal_palace|3|7.151465|1.379670|10.343407|away
369176|384|crystal_palace|3|6.214603|1.225714|9.197619|home|383|west_bromwich_albion|1|3.064006|0.675070|7.529832|away
369177|359|arsenal|2|2.385204|0.703912|6.202041|home|384|crystal_palace|0|5.828571|1.096429|8.601190|away
369178|384|crystal_palace|1|6.167857|1.484524|8.482143|home|306|hull_city|0|1.580556|0.728704|7.239815|away
369179|384|crystal_palace|1|6.539744|1.521795|8.339744|home|336|stoke_city|0|0.854902|0.538235|6.052941|away
369180|367|tottenham_hotspur|2|4.489927|0.748718|7.723626|home|384|crystal_palace|0|6.616667|1.547436|8.621795|away
369181|384|crystal_palace|1|6.017778|1.418889|8.850000|home|381|norwich_city|1|4.238235|0.580392|6.551961|away
369182|382|manchester_city|1|2.632515|0.657738|5.777827|home|384|crystal_palace|0|6.358333|1.484524|8.910714|away
369183|362|aston_villa|0|2.767778|0.533333|5.196667|home|384|crystal_palace|1|6.808974|1.579487|9.384615|away
369184|384|crystal_palace|0|6.358333|1.484524|8.910714|home|361|newcastle_united|3|2.673810|0.448958|7.284970|away
369185|363|chelsea|2|5.396586|0.790249|7.440001|home|384|crystal_palace|1|6.712821|1.483333|8.980769|away
369186|384|crystal_palace|2|6.062222|1.263333|7.650000|home|347|cardiff_city|0|4.295833|1.782738|10.629167|away
369187|384|crystal_palace|1|6.062222|1.263333|7.650000|home|371|west_ham_united|0|6.303125|0.558333|8.065625|away
369188|381|norwich_city|1|2.077451|0.547059|5.600980|home|384|crystal_palace|0|6.062222|1.263333|7.650000|away
369189|306|hull_city|0|1.532073|0.684034|6.606162|home|384|crystal_palace|1|5.484444|1.612222|8.783333|away
369190|384|crystal_palace|0|5.573958|1.356250|8.036458|home|368|everton|0|3.655952|0.716931|7.740344|away
369191|383|west_bromwich_albion|2|1.315873|0.570899|7.325794|home|384|crystal_palace|0|5.945556|1.402222|8.327778|away
369192|384|crystal_palace|0|5.856667|1.380000|7.883333|home|359|arsenal|2|2.064435|0.586458|6.096949|away
369193|384|crystal_palace|1|6.056667|1.411111|8.394444|home|370|fulham|4|3.029630|0.662037|7.172222|away
369194|364|liverpool|3|4.727070|0.898918|10.203653|home|384|crystal_palace|1|6.950000|1.608974|9.570513|away
369195|376|southampton|2|3.483333|0.798810|11.990476|home|384|crystal_palace|0|6.303571|1.330952|6.446429|away
369196|384|crystal_palace|0|5.462222|1.473333|7.216667|home|318|swansea_city|2|4.913492|0.838889|9.169444|away
369197|360|manchester_united|2|4.618304|1.091667|8.466815|home|384|crystal_palace|0|5.528889|1.456667|7.583333|away
369198|384|crystal_palace|3|5.929762|1.570238|8.363095|home|366|sunderland|1|2.132993|0.465816|4.642857|away
369199|336|stoke_city|2|3.525000|0.489815|6.175000|home|384|crystal_palace|1|5.929762|1.570238|8.363095|away
369200|384|crystal_palace|0|6.612500|1.748611|7.729167|home|367|tottenham_hotspur|1|3.613866|0.742157|7.485714|away
