MatchID|Team1ID|Team1|score_t1|mean_goals_t1_bin_3|mean_assists_t1_bin_3|mean_shots_t1_bin_3|HAteam01|Team2ID|Team2|score_t2|mean_goals_t2_bin_3|mean_assists_t2_bin_3|mean_shots_t2_bin_3|HAteam02
367138|381|norwich_city|0|5.050312|1.049683|7.902642|home|359|arsenal|2|2.674477|0.684664|6.132894|away
367139|367|tottenham_hotspur|3|5.032869|0.817163|8.409078|home|362|aston_villa|0|2.894825|0.671130|5.891210|away
367140|347|cardiff_city|1|5.840941|1.689485|6.110106|home|363|chelsea|2|3.011418|0.536644|6.715164|away
367141|306|hull_city|0|2.635956|0.913520|9.008114|home|368|everton|2|3.268360|0.619890|5.443051|away
367142|376|southampton|1|5.240180|0.924059|8.978290|home|360|manchester_united|1|3.791028|1.000056|7.408618|away
367143|364|liverpool|2|3.356502|0.629941|7.958250|home|361|newcastle_united|1|3.719281|0.481441|5.909579|away
367144|383|west_bromwich_albion|1|4.297965|0.831173|8.511031|home|336|stoke_city|2|1.661464|0.763435|8.009199|away
367145|366|sunderland|1|6.544078|0.543028|5.131844|home|318|swansea_city|3|3.024928|0.941791|6.008622|away
367146|382|manchester_city|2|3.208135|0.794348|7.545542|home|371|west_ham_united|0|3.845169|1.035388|12.043391|away
367147|361|newcastle_united|3|3.955646|0.466871|6.023630|home|347|cardiff_city|0|5.588017|1.597379|6.952241|away
367148|336|stoke_city|4|3.547071|0.778298|7.468006|home|370|fulham|1|2.174143|0.524708|5.865772|away
367149|362|aston_villa|3|2.777483|0.678710|5.979962|home|306|hull_city|1|3.474353|1.403208|8.604004|away
367150|368|everton|2|3.218995|0.663695|5.338367|home|382|manchester_city|3|3.208135|0.794348|7.545542|away
367151|363|chelsea|0|3.287490|0.661710|8.083288|home|381|norwich_city|0|4.845766|0.941599|7.496081|away
367152|318|swansea_city|0|3.148029|0.993773|6.662786|home|376|southampton|1|4.896494|0.888667|8.816575|away
367153|360|manchester_united|0|3.635731|1.011941|8.273571|home|366|sunderland|1|6.563176|0.556917|5.584969|away
367154|371|west_ham_united|2|3.817998|0.996351|11.943289|home|367|tottenham_hotspur|0|4.484423|0.832539|8.194482|away
367155|359|arsenal|1|2.800948|0.710858|7.187457|home|383|west_bromwich_albion|0|4.418133|0.837056|9.239603|away
367156|318|swansea_city|4|3.186264|1.046714|7.101021|home|362|aston_villa|1|2.741387|0.681384|5.606968|away
367157|366|sunderland|4|6.314361|0.537229|6.655135|home|347|cardiff_city|0|5.810172|1.562013|7.127689|away
367158|364|liverpool|0|3.472049|0.585823|7.496065|home|363|chelsea|2|3.113011|0.557792|7.022028|away
367159|376|southampton|2|5.612047|0.954768|9.050554|home|368|everton|0|3.395183|0.720453|5.449792|away
367160|370|fulham|2|3.031923|0.616525|7.350156|home|306|hull_city|2|3.605372|1.443486|9.126689|away
367161|359|arsenal|3|2.831107|0.716678|7.549891|home|361|newcastle_united|0|3.717697|0.500375|5.884485|away
367162|360|manchester_united|4|2.852564|0.946847|7.176283|home|381|norwich_city|0|5.075130|0.844146|7.416539|away
367163|336|stoke_city|0|3.512883|0.670036|7.236762|home|367|tottenham_hotspur|1|4.665115|0.772048|8.941245|away
367164|383|west_bromwich_albion|1|4.314141|0.922350|8.620345|home|371|west_ham_united|0|3.843208|0.908116|11.373961|away
367165|306|hull_city|0|3.474353|1.403208|8.604004|home|359|arsenal|3|2.999995|0.753584|7.670121|away
367166|367|tottenham_hotspur|3|4.700340|0.812192|9.078754|home|370|fulham|1|2.880970|0.558374|6.855355|away
367167|381|norwich_city|2|4.992624|0.826576|6.703017|home|364|liverpool|3|3.448637|0.596447|7.512197|away
367168|368|everton|2|3.104360|0.689786|5.659075|home|360|manchester_united|0|3.054907|0.995537|7.532308|away
367169|362|aston_villa|0|2.741387|0.681384|5.606968|home|376|southampton|0|5.240180|0.924059|8.978290|away
367170|347|cardiff_city|1|6.148982|1.496281|6.906451|home|336|stoke_city|1|3.512883|0.670036|7.236762|away
367171|363|chelsea|1|3.440104|0.620891|8.609980|home|366|sunderland|2|6.539515|0.472988|5.119344|away
367172|361|newcastle_united|1|4.257744|0.451020|7.010111|home|318|swansea_city|2|3.103694|1.044119|7.595409|away
367173|382|manchester_city|3|3.109012|0.750488|6.963525|home|383|west_bromwich_albion|1|4.107800|0.893330|8.330326|away
367174|376|southampton|0|2.035052|0.911239|8.978290|home|347|cardiff_city|1|3.840649|1.153424|6.943356|away
367175|318|swansea_city|0|3.107903|1.062637|7.800796|home|363|chelsea|1|5.082005|0.650050|7.810661|away
367176|366|sunderland|0|6.513145|0.500861|6.807202|home|368|everton|1|3.104360|0.689786|5.659075|away
367177|360|manchester_united|3|3.825447|1.046253|7.232764|home|306|hull_city|1|3.473632|1.395993|8.557828|away
367178|364|liverpool|3|3.424376|0.634466|8.664132|home|382|manchester_city|2|3.208135|0.794348|7.545542|away
367179|336|stoke_city|1|3.520820|0.670036|7.133587|home|361|newcastle_united|0|4.039378|0.456685|6.825451|away
367180|370|fulham|1|2.846595|0.594659|7.032438|home|381|norwich_city|0|5.024487|0.868242|6.747135|away
367181|383|west_bromwich_albion|3|4.272965|0.903396|8.244528|home|367|tottenham_hotspur|3|4.819733|0.785363|7.677802|away
367182|359|arsenal|3|2.977773|0.759933|7.509804|home|371|west_ham_united|1|3.612163|0.988344|11.152393|away
367183|368|everton|3|3.104360|0.689786|5.659075|home|359|arsenal|0|4.630598|0.747492|7.832306|away
367184|362|aston_villa|1|2.811443|0.773213|5.370823|home|370|fulham|2|2.862161|0.630493|6.509204|away
367185|371|west_ham_united|1|3.647877|0.928471|11.336426|home|364|liverpool|2|3.403348|0.652299|8.383589|away
367186|361|newcastle_united|0|2.784244|0.437563|6.824112|home|360|manchester_united|4|3.016079|0.956301|6.670952|away
367187|382|manchester_city|4|3.171285|0.791254|6.726323|home|376|southampton|1|2.246834|0.933452|11.019523|away
367188|363|chelsea|3|4.938111|0.734325|8.251357|home|336|stoke_city|0|3.570203|0.750283|7.380501|away
367189|367|tottenham_hotspur|5|4.524059|0.753518|7.560820|home|366|sunderland|1|6.451781|0.519043|6.242997|away
367190|306|hull_city|1|3.609076|1.415708|9.185948|home|318|swansea_city|0|3.547583|1.150636|9.593000|away
367191|381|norwich_city|0|4.942790|0.943296|7.845596|home|383|west_bromwich_albion|1|4.540386|0.877806|8.326999|away
367192|360|manchester_united|4|3.582890|1.084857|8.169306|home|362|aston_villa|1|2.880882|0.800992|6.367192|away
367193|383|west_bromwich_albion|3|4.493250|0.827372|7.683075|home|347|cardiff_city|3|5.588017|1.779012|8.339997|away
367194|370|fulham|1|3.122157|0.626322|5.513830|home|368|everton|3|3.286969|0.705151|5.924735|away
367195|336|stoke_city|1|3.445656|0.760450|6.912091|home|306|hull_city|0|3.453520|1.312931|8.351689|away
367196|359|arsenal|1|2.761732|0.690410|7.007718|home|382|manchester_city|1|3.156675|0.784760|6.615122|away
367197|376|southampton|4|5.542378|0.901471|11.447764|home|361|newcastle_united|0|2.674764|0.452548|7.151200|away
367198|318|swansea_city|3|3.625557|1.160050|9.461312|home|381|norwich_city|0|4.972419|0.971074|8.040040|away
367199|364|liverpool|4|3.420649|0.666140|8.705389|home|367|tottenham_hotspur|0|4.544733|0.700185|7.716495|away
367200|366|sunderland|1|6.564833|0.451487|5.865470|home|371|west_ham_united|2|3.656280|0.995697|11.475922|away
367201|363|chelsea|6|4.997985|0.611470|7.762844|home|359|arsenal|0|2.625889|0.661965|6.790324|away
367202|382|manchester_city|5|2.928062|0.719774|5.498187|home|370|fulham|0|2.960759|0.518667|4.884865|away
367203|347|cardiff_city|3|5.829830|1.529534|7.649911|home|364|liverpool|6|3.420649|0.666140|8.705389|away
367204|371|west_ham_united|0|3.666738|0.966939|11.315138|home|360|manchester_united|2|3.091184|1.011003|8.290045|away
367205|367|tottenham_hotspur|3|4.434566|0.678859|7.733813|home|376|southampton|2|5.544320|0.922838|10.608215|away
367206|362|aston_villa|1|2.773739|0.711286|5.930007|home|336|stoke_city|4|3.654061|0.654039|6.843195|away
367207|381|norwich_city|2|4.942790|0.943296|7.845596|home|366|sunderland|0|6.510619|0.551235|5.111958|away
367208|368|everton|3|3.286969|0.705151|5.924735|home|318|swansea_city|2|3.449054|1.113871|9.404765|away
367209|306|hull_city|2|2.531298|0.785153|8.157244|home|383|west_bromwich_albion|0|4.958284|0.827615|8.636786|away
367210|367|tottenham_hotspur|0|4.755888|0.872048|9.715353|home|359|arsenal|1|2.625889|0.661965|6.790324|away
367211|368|everton|2|3.286969|0.705151|5.924735|home|347|cardiff_city|1|5.738144|1.644780|7.527089|away
367212|362|aston_villa|1|2.854622|0.773786|6.316036|home|363|chelsea|0|4.964483|0.712859|8.218223|away
367213|360|manchester_united|0|3.138233|1.013851|8.497705|home|364|liverpool|3|3.420649|0.666140|8.705389|away
367214|306|hull_city|0|2.648582|0.783610|8.624837|home|382|manchester_city|2|2.976533|0.750625|6.731690|away
367215|370|fulham|1|3.057673|0.657671|6.804504|home|361|newcastle_united|0|2.772294|0.425178|7.279549|away
367216|376|southampton|4|5.173241|0.889801|10.497878|home|381|norwich_city|2|4.838160|0.919222|7.873065|away
367217|318|swansea_city|1|3.618662|1.083969|9.123392|home|383|west_bromwich_albion|2|4.660110|0.795420|8.370424|away
367218|336|stoke_city|3|3.401675|0.716469|6.160548|home|371|west_ham_united|1|3.666738|0.966939|11.315138|away
367219|382|manchester_city|4|2.962897|0.765776|6.399114|home|362|aston_villa|0|2.788923|0.639880|5.063085|away
367220|361|newcastle_united|0|3.873923|0.547226|7.415066|home|368|everton|3|3.286969|0.705151|5.924735|away
367221|347|cardiff_city|3|5.803956|1.579884|7.685575|home|370|fulham|1|3.045680|0.578456|5.437908|away
367222|371|west_ham_united|2|3.797937|0.980697|12.322234|home|306|hull_city|1|2.531298|0.785153|8.157244|away
367223|383|west_bromwich_albion|0|4.328357|0.913199|8.705803|home|360|manchester_united|3|3.149803|1.008344|8.377882|away
367224|381|norwich_city|1|5.077049|0.980333|8.328621|home|336|stoke_city|1|3.513875|0.737166|6.801797|away
367225|364|liverpool|2|3.420649|0.666140|8.705389|home|366|sunderland|1|6.487166|0.562346|4.855045|away
367226|359|arsenal|2|2.761732|0.690410|7.007718|home|318|swansea_city|2|3.625557|1.160050|9.461312|away
367227|363|chelsea|4|5.162116|0.698845|7.712259|home|367|tottenham_hotspur|0|4.483388|0.799361|9.076252|away
367228|336|stoke_city|1|3.428227|0.739481|6.593464|home|359|arsenal|0|2.645120|0.705836|7.054747|away
367229|367|tottenham_hotspur|1|4.750145|0.830918|9.456279|home|347|cardiff_city|0|5.516588|1.579012|7.682854|away
367230|370|fulham|1|3.109355|0.647957|9.112299|home|363|chelsea|3|4.837296|0.687547|7.973536|away
367231|376|southampton|0|5.612208|0.992435|11.159253|home|364|liverpool|3|3.621722|0.685047|8.996679|away
367232|360|manchester_united|0|2.874795|0.945737|7.179049|home|382|manchester_city|3|3.156675|0.784760|6.615122|away
367233|306|hull_city|1|2.518952|0.913239|8.433479|home|361|newcastle_united|4|2.783026|0.440329|7.494827|away
367234|362|aston_villa|4|2.773739|0.711286|5.930007|home|381|norwich_city|1|4.776432|1.008111|8.171213|away
367235|366|sunderland|2|6.563176|0.556917|5.584969|home|383|west_bromwich_albion|0|4.410646|0.812457|8.681314|away
367236|368|everton|1|3.275802|0.653922|6.041348|home|371|west_ham_united|0|3.666738|0.966939|11.315138|away
367237|361|newcastle_united|1|4.049327|0.466100|7.346017|home|362|aston_villa|0|2.661310|0.699548|5.808896|away
367238|363|chelsea|1|5.284782|0.798860|8.804708|home|368|everton|0|3.054924|0.712963|5.600162|away
367239|383|west_bromwich_albion|1|4.393935|0.835035|8.646896|home|370|fulham|1|2.900257|0.604302|6.690156|away
367240|347|cardiff_city|0|5.629864|1.668962|6.594995|home|306|hull_city|4|2.518952|0.913239|8.433479|away
367241|371|west_ham_united|3|3.587950|0.935923|10.355067|home|376|southampton|1|7.471182|1.365939|11.205407|away
367242|382|manchester_city|1|3.156675|0.784760|6.615122|home|336|stoke_city|0|3.417645|0.791729|7.589496|away
367243|359|arsenal|4|2.705501|0.746710|7.179415|home|366|sunderland|1|6.650376|0.588561|6.456576|away
367244|364|liverpool|4|3.621722|0.685047|8.996679|home|318|swansea_city|3|3.198564|1.021224|7.685157|away
367245|381|norwich_city|1|4.953592|0.891444|7.734176|home|367|tottenham_hotspur|0|4.925672|0.827297|8.919989|away
367246|370|fulham|2|2.764551|0.567823|5.246699|home|364|liverpool|3|3.602972|0.641297|8.540429|away
367247|382|manchester_city|2|3.049460|0.623742|6.596463|home|366|sunderland|2|6.958816|0.504521|5.310634|away
367248|361|newcastle_united|0|3.898730|0.555604|7.465229|home|367|tottenham_hotspur|4|4.971463|0.872684|9.557969|away
367249|383|west_bromwich_albion|1|4.289698|0.838549|7.952965|home|363|chelsea|1|5.017190|0.802828|7.311586|away
367250|347|cardiff_city|0|5.606848|1.488010|6.618011|home|362|aston_villa|0|2.773739|0.711286|5.930007|away
367251|359|arsenal|0|2.848302|0.808131|7.080794|home|360|manchester_united|0|3.244251|0.938414|8.329868|away
367252|371|west_ham_united|2|3.673599|0.938186|10.871227|home|381|norwich_city|0|4.868936|0.841180|7.217421|away
367253|306|hull_city|0|3.610620|1.418890|8.683755|home|376|southampton|1|6.593437|1.230904|10.258654|away
367254|336|stoke_city|1|3.671613|0.666862|7.162952|home|318|swansea_city|1|3.423474|1.176717|8.375896|away
367255|364|liverpool|5|3.738082|0.642216|8.227929|home|359|arsenal|1|2.681635|0.808131|7.019682|away
367256|318|swansea_city|3|3.258858|1.129557|8.383196|home|347|cardiff_city|0|5.389388|1.528259|7.391707|away
367257|367|tottenham_hotspur|1|4.868233|0.897954|10.101726|home|368|everton|0|3.257305|0.609789|5.457305|away
367258|360|manchester_united|2|3.251199|1.022928|7.704813|home|370|fulham|2|2.948855|0.594567|5.363146|away
367259|366|sunderland|0|6.314361|0.537229|6.655135|home|306|hull_city|2|3.558332|1.349609|8.201402|away
367260|381|norwich_city|0|5.221298|0.804743|6.441619|home|382|manchester_city|0|3.285926|0.801271|6.548928|away
367261|363|chelsea|3|5.143116|0.763512|8.198481|home|361|newcastle_united|0|3.586214|0.571642|5.221831|away
367262|376|southampton|2|6.208133|1.180758|10.037131|home|336|stoke_city|2|3.571613|0.602973|6.116965|away
367263|362|aston_villa|0|2.832563|0.777463|6.260889|home|371|west_ham_united|2|3.653338|0.959101|10.659462|away
367264|368|everton|2|2.936869|0.724538|5.695070|home|362|aston_villa|1|2.762302|0.669620|5.383438|away
367265|382|manchester_city|0|3.242919|0.755117|6.381320|home|363|chelsea|1|4.868546|0.723605|7.923055|away
367266|383|west_bromwich_albion|1|4.128531|0.821361|7.918674|home|364|liverpool|1|3.738082|0.642216|8.227929|away
367267|336|stoke_city|2|3.662354|0.650658|6.814187|home|360|manchester_united|1|3.227837|0.970246|8.293801|away
367268|347|cardiff_city|2|5.857802|1.718345|8.616344|home|381|norwich_city|1|5.138315|0.894685|7.956707|away
367269|370|fulham|0|3.524922|0.661151|9.340827|home|376|southampton|3|7.064397|1.318826|10.991415|away
367270|361|newcastle_united|0|3.581452|0.584142|5.421236|home|366|sunderland|3|6.709009|0.570806|6.789831|away
367271|371|west_ham_united|2|3.746030|0.918459|11.766058|home|318|swansea_city|0|2.881349|1.145425|7.963819|away
367272|306|hull_city|1|3.641549|1.460370|8.856747|home|367|tottenham_hotspur|1|5.024092|0.851338|9.544957|away
367273|367|tottenham_hotspur|1|5.204904|0.903441|9.536210|home|382|manchester_city|5|3.313972|0.726078|7.379055|away
367274|363|chelsea|0|5.026449|0.671845|7.451259|home|371|west_ham_united|0|3.778357|0.962401|12.004972|away
367275|364|liverpool|4|3.956518|0.674774|8.443124|home|368|everton|0|2.991751|0.732478|6.006125|away
367276|376|southampton|2|6.548524|1.088667|8.277129|home|359|arsenal|2|2.718159|0.701521|7.176890|away
367277|360|manchester_united|2|3.265160|1.059255|7.979731|home|347|cardiff_city|0|5.625102|1.687783|7.675041|away
367278|318|swansea_city|2|2.948934|1.152728|7.442808|home|370|fulham|0|3.592443|0.730310|10.439888|away
367279|381|norwich_city|0|5.113844|0.881458|7.534088|home|361|newcastle_united|0|3.547835|0.510069|5.082334|away
367280|366|sunderland|1|6.488871|0.510758|7.187488|home|336|stoke_city|0|3.671613|0.666862|7.162952|away
367281|362|aston_villa|4|2.762302|0.669620|5.383438|home|383|west_bromwich_albion|3|4.059484|0.837101|8.085208|away
367282|364|liverpool|2|3.552420|0.653280|8.461402|home|362|aston_villa|2|2.959598|0.666158|6.258966|away
367283|382|manchester_city|4|3.116071|0.718157|6.878876|home|347|cardiff_city|2|5.558435|1.765164|8.982184|away
367284|383|west_bromwich_albion|1|4.158726|0.914627|8.780326|home|368|everton|1|2.944494|0.581985|5.422194|away
367285|359|arsenal|2|2.700700|0.741247|6.580209|home|370|fulham|0|3.129280|0.693410|8.553496|away
367286|381|norwich_city|1|5.114956|0.930670|7.747111|home|306|hull_city|0|2.428415|0.834347|7.962314|away
367287|363|chelsea|3|4.715951|0.834477|6.933697|home|360|manchester_united|1|2.691123|0.786723|5.142191|away
367288|371|west_ham_united|1|3.926925|0.841815|11.322894|home|361|newcastle_united|3|3.902707|0.609537|8.248654|away
367289|366|sunderland|2|3.138744|0.526582|7.054319|home|376|southampton|2|6.994669|1.268372|10.612164|away
367290|318|swansea_city|1|2.658309|0.761285|4.277034|home|367|tottenham_hotspur|3|5.204904|0.903441|9.536210|away
367291|362|aston_villa|1|2.746577|0.624231|5.035441|home|359|arsenal|2|2.700700|0.741247|6.580209|away
367292|306|hull_city|0|2.528415|0.873236|8.201203|home|363|chelsea|2|4.805117|0.826378|6.583836|away
367293|336|stoke_city|3|1.540252|0.819852|7.100345|home|364|liverpool|5|3.063781|0.621994|8.653118|away
367294|361|newcastle_united|0|3.810457|0.612551|7.687361|home|382|manchester_city|2|2.962897|0.765776|6.399114|away
367295|368|everton|2|2.939257|0.626493|5.664080|home|381|norwich_city|0|5.004177|0.924741|6.938427|away
367296|370|fulham|1|2.805892|0.862708|10.840379|home|366|sunderland|4|3.303549|0.561688|7.480163|away
367297|360|manchester_united|2|2.969383|0.738194|4.784761|home|318|swansea_city|0|2.787196|0.780370|3.908836|away
367298|376|southampton|1|6.994669|1.268372|10.612164|home|383|west_bromwich_albion|0|4.284985|0.830565|8.694028|away
367299|347|cardiff_city|0|5.926178|1.772741|8.732950|home|371|west_ham_united|2|3.641179|0.881463|10.347897|away
367300|366|sunderland|0|3.542657|0.638265|7.652903|home|362|aston_villa|1|2.987258|0.637419|5.727992|away
367301|359|arsenal|2|2.401438|0.752194|6.587955|home|347|cardiff_city|0|5.139725|1.683730|7.519350|away
367302|376|southampton|0|5.142977|1.389016|10.854125|home|363|chelsea|3|5.027710|0.819433|7.912077|away
367303|336|stoke_city|1|1.756778|0.694922|7.649085|home|368|everton|1|3.105141|0.643511|6.401424|away
367304|364|liverpool|2|3.670951|0.672026|8.242957|home|306|hull_city|0|2.528415|0.873236|8.201203|away
367305|318|swansea_city|2|2.309495|1.033475|6.888209|home|382|manchester_city|3|2.711942|0.567841|5.625118|away
367306|383|west_bromwich_albion|1|4.244347|0.852535|8.820958|home|361|newcastle_united|0|3.908107|0.587975|8.461047|away
367307|360|manchester_united|1|2.857014|0.754609|5.974631|home|367|tottenham_hotspur|2|4.846690|0.842667|8.625823|away
367308|370|fulham|2|2.390222|0.831484|10.178239|home|371|west_ham_united|1|3.750491|0.927659|9.685492|away
367309|361|newcastle_united|0|3.886232|0.606725|8.290734|home|359|arsenal|1|2.412734|0.818342|7.257143|away
367310|306|hull_city|6|2.488292|0.722002|7.571573|home|370|fulham|0|2.081618|0.577392|7.423807|away
367311|363|chelsea|2|4.930320|0.880298|7.352298|home|364|liverpool|1|3.750882|0.561745|7.183687|away
367312|381|norwich_city|0|5.291759|0.927356|7.241042|home|360|manchester_united|1|2.844573|0.719723|5.113680|away
367313|368|everton|2|1.165435|0.514681|6.350752|home|376|southampton|1|5.116115|1.379248|10.746677|away
367314|367|tottenham_hotspur|3|5.327262|0.865773|9.226693|home|336|stoke_city|0|1.702799|0.703400|6.675171|away
367315|347|cardiff_city|2|5.590181|1.760629|8.372773|home|366|sunderland|2|3.730149|0.610439|7.529038|away
367316|362|aston_villa|1|2.800592|0.642816|5.030532|home|318|swansea_city|1|2.323781|1.049802|7.016780|away
367317|371|west_ham_united|3|3.959964|0.921438|9.488954|home|383|west_bromwich_albion|3|4.237033|0.808145|8.854532|away
367318|371|west_ham_united|1|3.758300|0.868015|9.350061|home|359|arsenal|3|2.697913|0.799038|8.052885|away
367319|381|norwich_city|1|5.308566|0.902146|7.392302|home|370|fulham|2|2.223175|0.833554|10.881581|away
367320|382|manchester_city|2|2.767772|0.686665|5.969238|home|364|liverpool|1|3.602990|0.565097|7.624129|away
367321|306|hull_city|2|2.488292|0.722002|7.571573|home|360|manchester_united|3|2.852991|0.767152|6.047843|away
367322|347|cardiff_city|0|5.547324|1.932058|8.158488|home|376|southampton|3|5.143343|1.495976|11.158520|away
367323|361|newcastle_united|5|3.918364|0.623552|8.368098|home|336|stoke_city|1|1.740736|0.594388|7.541598|away
367324|368|everton|0|3.060806|0.535316|6.462260|home|366|sunderland|1|3.635682|0.670268|6.412528|away
367325|363|chelsea|1|4.972014|0.890109|7.245943|home|318|swansea_city|0|2.279138|1.028118|6.481066|away
367326|367|tottenham_hotspur|1|5.558009|0.859467|9.474851|home|383|west_bromwich_albion|1|4.203237|0.848886|8.589254|away
367327|336|stoke_city|2|3.501492|0.688751|7.114203|home|362|aston_villa|1|2.659851|0.576150|4.108309|away
367328|364|liverpool|3|3.383357|0.525672|7.154233|home|347|cardiff_city|1|5.590181|1.939200|8.779916|away
367329|359|arsenal|0|2.722219|0.851121|8.306358|home|363|chelsea|0|4.972014|0.890109|7.245943|away
367330|318|swansea_city|1|2.270210|0.983475|6.463209|home|368|everton|2|2.927472|0.503834|5.797445|away
367331|383|west_bromwich_albion|1|4.312469|0.852535|8.971090|home|306|hull_city|1|2.488292|0.722002|7.571573|away
367332|370|fulham|2|2.830591|0.827383|8.814543|home|382|manchester_city|4|3.124181|0.731260|6.520425|away
367333|366|sunderland|0|3.121067|0.569511|6.895228|home|381|norwich_city|0|5.267949|0.912650|7.131098|away
367334|376|southampton|2|2.557670|1.082546|11.450302|home|367|tottenham_hotspur|3|5.354782|0.870322|10.537309|away
367335|360|manchester_united|3|2.785335|0.826659|6.252920|home|371|west_ham_united|1|3.530175|0.835202|8.296936|away
367336|382|manchester_city|6|3.208135|0.794348|7.545542|home|359|arsenal|3|2.613036|0.793626|8.057738|away
367337|368|everton|4|3.178861|0.519112|6.084945|home|370|fulham|1|2.805306|0.656027|6.664199|away
367338|367|tottenham_hotspur|0|4.661971|0.817744|9.446597|home|364|liverpool|5|3.383357|0.525672|7.154233|away
367339|362|aston_villa|0|2.806110|0.652640|5.591123|home|360|manchester_united|3|2.721412|0.790834|5.262648|away
367340|361|newcastle_united|1|3.842322|0.575635|7.443619|home|376|southampton|1|2.549336|0.899212|11.316969|away
367341|306|hull_city|0|2.445119|0.738329|7.049639|home|336|stoke_city|0|3.376945|0.698918|6.645793|away
367342|371|west_ham_united|0|3.530175|0.835202|8.296936|home|366|sunderland|0|3.315805|0.580812|7.041577|away
367343|381|norwich_city|1|4.104551|0.940428|6.622928|home|318|swansea_city|1|3.647953|1.150155|9.502979|away
367344|347|cardiff_city|1|5.661610|1.960629|9.029916|home|383|west_bromwich_albion|0|2.704388|0.852535|8.999878|away
367345|370|fulham|2|2.813461|0.682852|6.311113|home|362|aston_villa|0|2.655424|0.614250|5.401449|away
367346|336|stoke_city|3|3.507664|0.733860|7.393405|home|363|chelsea|2|4.953710|0.784767|8.296299|away
367347|359|arsenal|1|2.611723|0.812861|7.927924|home|368|everton|1|3.181387|0.532159|6.305063|away
367348|318|swansea_city|1|2.372196|1.106243|9.873439|home|306|hull_city|1|2.445119|0.738329|7.049639|away
367349|376|southampton|1|2.710387|0.930454|11.608410|home|382|manchester_city|1|3.134946|0.682754|6.845905|away
367350|360|manchester_united|0|3.195053|0.842606|7.545044|home|361|newcastle_united|1|3.921489|0.627719|8.610807|away
367351|383|west_bromwich_albion|0|2.616124|0.833939|8.326807|home|381|norwich_city|2|4.104551|0.940428|6.622928|away
367352|366|sunderland|1|3.284694|0.607479|7.310466|home|367|tottenham_hotspur|2|4.661971|0.817744|9.446597|away
367353|364|liverpool|4|3.448835|0.647312|7.690299|home|371|west_ham_united|1|3.605096|0.898403|10.012727|away
367354|370|fulham|1|2.853454|0.838126|8.640125|home|367|tottenham_hotspur|2|4.747648|0.825036|9.392170|away
367355|383|west_bromwich_albion|2|2.527470|0.857694|8.078912|home|382|manchester_city|3|3.162219|0.673663|7.282268|away
367356|364|liverpool|5|3.481281|0.623596|7.960808|home|381|norwich_city|1|4.104551|0.940428|6.622928|away
367357|376|southampton|2|2.408789|0.936880|10.758398|home|362|aston_villa|3|2.746577|0.624231|5.035441|away
367358|336|stoke_city|0|3.507664|0.727023|7.249388|home|347|cardiff_city|0|5.569773|1.755527|8.316651|away
367359|366|sunderland|3|3.121067|0.569511|6.895228|home|363|chelsea|4|4.894103|0.860719|8.715281|away
367360|360|manchester_united|0|3.027683|0.957891|7.668575|home|368|everton|1|3.181387|0.532159|6.305063|away
367361|359|arsenal|2|2.611723|0.812861|7.927924|home|306|hull_city|0|2.580740|0.751401|7.737548|away
367362|318|swansea_city|3|3.037817|1.107943|7.295400|home|361|newcastle_united|0|3.517038|0.579518|6.454130|away
367363|347|cardiff_city|0|5.733038|2.062670|9.963590|home|359|arsenal|3|2.523487|0.763689|7.628904|away
367364|371|west_ham_united|3|3.620783|0.927161|10.235603|home|370|fulham|0|2.969225|0.717579|8.152584|away
367365|306|hull_city|3|2.450021|0.735061|6.995718|home|364|liverpool|1|3.481281|0.623596|7.960808|away
367366|367|tottenham_hotspur|2|4.557110|0.741702|8.575764|home|360|manchester_united|2|2.854959|0.864275|7.459419|away
367367|363|chelsea|3|4.894103|0.860719|8.715281|home|376|southampton|1|5.268479|0.921547|10.569306|away
367368|368|everton|4|3.083347|0.513485|5.982934|home|336|stoke_city|0|3.492513|0.633616|7.285219|away
367369|362|aston_villa|0|2.746577|0.624231|5.035441|home|366|sunderland|0|3.121067|0.569511|6.895228|away
367370|382|manchester_city|3|3.139323|0.693528|7.162740|home|318|swansea_city|0|3.024483|1.087943|7.130955|away
367371|361|newcastle_united|2|3.900655|0.617302|8.306119|home|383|west_bromwich_albion|1|2.413118|0.812324|8.358079|away
367372|383|west_bromwich_albion|2|2.628396|0.892570|9.229530|home|362|aston_villa|2|2.631895|0.567191|5.083802|away
367373|371|west_ham_united|0|3.620783|0.927161|10.235603|home|363|chelsea|3|5.087043|0.856562|8.242453|away
367374|368|everton|3|3.255461|0.615997|6.664322|home|364|liverpool|3|3.370454|0.580544|7.693544|away
367375|347|cardiff_city|2|5.733038|2.062670|9.963590|home|360|manchester_united|2|2.968087|0.901971|7.392562|away
367376|361|newcastle_united|2|3.872877|0.633969|8.128341|home|381|norwich_city|1|4.272618|0.993649|7.581845|away
367377|359|arsenal|2|2.577818|0.804538|7.662401|home|376|southampton|0|5.646274|0.986941|11.124088|away
367378|336|stoke_city|2|3.601155|0.766641|8.066392|home|366|sunderland|0|3.310956|0.546873|6.891274|away
367379|370|fulham|1|3.133069|0.768473|8.932028|home|318|swansea_city|2|3.278557|0.854239|6.226881|away
367380|382|manchester_city|6|3.261401|0.640426|6.224212|home|367|tottenham_hotspur|0|4.628540|0.932947|11.142736|away
367381|360|manchester_united|1|3.242487|0.926970|8.479289|home|359|arsenal|0|2.598990|0.698184|7.099153|away
367382|362|aston_villa|2|2.712443|0.537261|3.794976|home|347|cardiff_city|0|5.417502|1.958492|9.532684|away
367383|364|liverpool|4|3.383535|0.659838|8.254408|home|370|fulham|0|2.992343|0.736891|8.769137|away
367384|376|southampton|4|7.586334|1.400127|11.400512|home|306|hull_city|1|3.446168|1.374840|7.527822|away
367385|366|sunderland|1|4.741512|0.663539|6.905163|home|382|manchester_city|0|3.118717|0.680195|6.981528|away
367386|367|tottenham_hotspur|0|5.502050|0.818339|9.796002|home|361|newcastle_united|1|3.900655|0.617302|8.306119|away
367387|318|swansea_city|3|2.370210|0.991213|7.120351|home|336|stoke_city|3|3.617513|0.761703|8.373027|away
367388|363|chelsea|2|5.097940|0.850792|8.132838|home|383|west_bromwich_albion|2|2.583025|0.887015|8.691567|away
367389|381|norwich_city|3|4.933398|1.000175|8.179150|home|371|west_ham_united|1|3.815832|0.860109|9.703453|away
367390|371|west_ham_united|0|3.789916|0.798937|9.259726|home|362|aston_villa|0|2.636666|0.540140|4.182790|away
367391|361|newcastle_united|2|3.883610|0.616829|8.233202|home|363|chelsea|0|4.972014|0.890109|7.245943|away
367392|359|arsenal|2|2.758686|0.722718|7.145308|home|364|liverpool|0|3.204617|0.556336|7.277707|away
367393|370|fulham|1|2.967343|0.763280|8.831637|home|360|manchester_united|3|3.279396|0.941964|8.823580|away
367394|382|manchester_city|7|3.172209|0.820274|7.404087|home|381|norwich_city|0|5.046618|0.893488|7.031425|away
367395|336|stoke_city|1|3.617513|0.761703|8.373027|home|376|southampton|1|7.080167|1.300118|10.586189|away
367396|306|hull_city|1|3.409082|1.369998|6.972010|home|366|sunderland|0|4.207083|0.661011|6.685705|away
367397|347|cardiff_city|1|5.417502|1.958492|9.532684|home|318|swansea_city|0|3.740594|0.941832|8.240955|away
367398|368|everton|0|3.242389|0.617780|6.559747|home|367|tottenham_hotspur|0|4.592824|0.828756|9.839157|away
367399|381|norwich_city|0|4.176013|0.910735|7.634970|home|347|cardiff_city|0|5.707064|1.923059|9.116187|away
367400|362|aston_villa|0|2.869683|0.612513|4.877804|home|368|everton|2|3.242389|0.617780|6.559747|away
367401|376|southampton|2|7.021344|1.231491|10.638010|home|370|fulham|0|2.847810|0.571018|7.317991|away
367402|367|tottenham_hotspur|1|4.599768|0.849589|9.714157|home|306|hull_city|0|3.512597|1.386423|7.616013|away
367403|363|chelsea|2|4.972014|0.890109|7.245943|home|382|manchester_city|1|3.172209|0.813607|7.530754|away
367404|366|sunderland|2|4.233227|0.661011|6.672633|home|361|newcastle_united|1|3.678692|0.610937|7.982230|away
367405|360|manchester_united|3|3.271706|0.974452|8.934691|home|336|stoke_city|2|3.561957|0.643184|7.990929|away
367406|364|liverpool|4|3.201583|0.565243|7.475242|home|383|west_bromwich_albion|1|2.653859|0.864572|9.020116|away
367407|318|swansea_city|0|3.773928|1.099609|9.014289|home|371|west_ham_united|0|3.994461|0.969391|11.369385|away
367408|363|chelsea|4|5.008450|0.867521|7.611995|home|347|cardiff_city|1|5.444169|1.883254|9.147922|away
367409|368|everton|2|3.422944|0.709952|7.865303|home|306|hull_city|1|2.476685|0.853822|7.142554|away
367410|361|newcastle_united|2|3.908610|0.611620|8.256119|home|364|liverpool|2|3.191482|0.563560|7.297632|away
367411|371|west_ham_united|1|4.069745|0.966550|12.157737|home|382|manchester_city|3|2.998946|0.769007|7.166332|away
367412|359|arsenal|4|2.481692|0.706631|7.086012|home|381|norwich_city|1|4.859444|0.967707|7.695744|away
367413|360|manchester_united|1|3.462267|0.921583|9.095956|home|376|southampton|1|7.044453|1.323928|11.133809|away
367414|318|swansea_city|4|3.780594|1.052943|8.556511|home|366|sunderland|0|4.017889|0.644129|6.551931|away
367415|362|aston_villa|0|2.927258|0.628531|5.345770|home|367|tottenham_hotspur|2|4.599768|0.849589|9.714157|away
367416|336|stoke_city|0|3.573068|0.745036|8.000805|home|383|west_bromwich_albion|0|2.677007|0.870745|9.169807|away
367417|383|west_bromwich_albion|1|2.454869|0.803653|9.119948|home|359|arsenal|1|2.331073|0.587350|5.721574|away
367418|306|hull_city|0|2.570573|0.824906|7.116116|home|362|aston_villa|0|2.527638|0.565661|4.329144|away
367419|381|norwich_city|1|4.944531|0.842833|7.607192|home|363|chelsea|3|5.128710|0.872038|8.625390|away
367420|382|manchester_city|3|2.998251|0.775951|7.167026|home|368|everton|1|3.390918|0.663546|7.577067|away
367421|366|sunderland|1|4.629186|0.635076|6.519893|home|360|manchester_united|2|3.236236|0.921302|8.369909|away
367422|347|cardiff_city|1|5.417502|1.958492|9.532684|home|361|newcastle_united|2|3.843524|0.541447|7.770943|away
367423|370|fulham|1|2.726471|0.747365|10.000873|home|336|stoke_city|0|3.617513|0.761703|8.373027|away
367424|376|southampton|2|7.051596|1.481071|11.248094|home|318|swansea_city|0|3.673928|0.916276|7.962067|away
367425|367|tottenham_hotspur|0|4.729919|0.761334|9.614225|home|371|west_ham_united|3|3.912454|0.805539|10.147618|away
367426|318|swansea_city|1|3.997065|1.056724|8.542690|home|359|arsenal|2|2.321474|0.557325|5.480357|away
367427|370|fulham|1|2.729977|0.724613|9.979444|home|347|cardiff_city|2|5.417502|1.958492|9.532684|away
367428|367|tottenham_hotspur|1|4.729919|0.761334|9.614225|home|363|chelsea|1|4.736117|0.787544|6.897225|away
367429|366|sunderland|1|4.522520|0.595076|5.933227|home|364|liverpool|3|3.612827|0.685933|8.945224|away
367430|362|aston_villa|3|2.630221|0.576150|3.960161|home|382|manchester_city|2|2.873041|0.620849|5.588762|away
367431|368|everton|3|3.393533|0.664200|7.509093|home|361|newcastle_united|2|4.076254|0.571048|7.728749|away
367432|336|stoke_city|0|3.577109|0.738134|8.092444|home|381|norwich_city|1|5.235335|0.910768|7.898565|away
367433|360|manchester_united|1|3.757653|0.934337|8.721289|home|383|west_bromwich_albion|2|2.423338|0.687255|8.237781|away
367434|306|hull_city|1|2.476685|0.853822|7.142554|home|371|west_ham_united|0|3.885668|0.899289|10.752529|away
367435|381|norwich_city|0|4.944598|0.849205|6.887351|home|362|aston_villa|1|2.788942|0.590847|4.792434|away
367436|371|west_ham_united|2|3.867936|0.861451|9.869100|home|368|everton|3|3.212977|0.572028|6.203538|away
367437|363|chelsea|2|5.176385|0.768140|6.989978|home|370|fulham|0|2.663414|0.721385|9.618959|away
367438|361|newcastle_united|2|3.833851|0.589066|7.643711|home|306|hull_city|3|2.739074|0.862675|7.264835|away
367439|382|manchester_city|4|3.131916|0.655481|6.838978|home|360|manchester_united|1|3.287494|0.888080|7.266798|away
367440|364|liverpool|0|3.264787|0.598299|6.650256|home|376|southampton|1|7.586334|1.400127|11.400512|away
367441|359|arsenal|3|3.755849|0.554200|5.476190|home|336|stoke_city|1|3.481871|0.859827|8.445177|away
367442|383|west_bromwich_albion|3|4.482740|0.869591|9.119405|home|366|sunderland|0|4.953349|0.629302|6.830432|away
367443|347|cardiff_city|0|5.707064|1.923059|9.116187|home|367|tottenham_hotspur|1|4.466308|0.715728|8.716466|away
367444|366|sunderland|1|4.477148|0.596733|6.229119|home|359|arsenal|3|2.395568|0.632615|5.462931|away
367445|306|hull_city|1|3.310337|1.426524|8.123264|home|347|cardiff_city|1|3.567732|1.640221|9.581957|away
367446|368|everton|1|3.129644|0.595176|5.731316|home|363|chelsea|0|5.074411|0.812052|7.207344|away
367447|318|swansea_city|2|3.807261|1.061514|8.912067|home|364|liverpool|2|3.432072|0.620987|6.628397|away
367448|336|stoke_city|0|3.481871|0.859827|8.445177|home|382|manchester_city|0|3.125687|0.632922|7.009601|away
367449|362|aston_villa|1|2.869683|0.605847|4.757804|home|361|newcastle_united|2|3.871351|0.589066|7.837461|away
367450|367|tottenham_hotspur|2|4.542843|0.756184|9.937845|home|381|norwich_city|0|4.913579|0.838865|7.476240|away
367451|370|fulham|1|2.633680|0.772761|9.842407|home|383|west_bromwich_albion|1|2.448312|0.747170|9.068281|away
367452|376|southampton|0|7.044453|1.323928|11.133809|home|371|west_ham_united|0|3.705598|0.801386|8.662931|away
367453|363|chelsea|2|4.929289|0.720237|7.357838|home|362|aston_villa|1|2.690327|0.651314|4.689608|away
367454|347|cardiff_city|0|5.106885|1.845164|8.562784|home|368|everton|0|3.380725|0.698164|7.544349|away
367455|361|newcastle_united|1|3.942780|0.633511|8.204723|home|370|fulham|0|2.713714|0.800087|10.470998|away
367456|382|manchester_city|2|3.182209|0.786940|7.419087|home|306|hull_city|0|2.486807|0.916720|7.946794|away
367457|364|liverpool|1|3.369179|0.668065|6.515645|home|360|manchester_united|0|2.901923|0.837129|7.210733|away
367458|381|norwich_city|1|4.901435|0.888473|7.825812|home|376|southampton|0|7.039907|1.457261|10.769306|away
367459|371|west_ham_united|0|3.558963|0.825425|8.717018|home|336|stoke_city|1|3.615128|0.801060|7.945790|away
367460|383|west_bromwich_albion|0|2.558344|0.675515|8.618060|home|318|swansea_city|2|3.555245|1.088622|8.740330|away
367461|359|arsenal|1|2.553980|0.706444|6.738090|home|367|tottenham_hotspur|0|4.698101|0.771561|9.799453|away
367462|370|fulham|1|2.627294|0.772309|8.949393|home|359|arsenal|3|2.620390|0.806446|6.926852|away
367463|360|manchester_united|0|2.863563|0.854264|7.130526|home|363|chelsea|0|4.805561|0.790322|7.122225|away
367464|362|aston_villa|0|2.711161|0.567981|4.658358|home|364|liverpool|1|3.287840|0.668265|6.827578|away
367465|347|cardiff_city|3|5.287344|1.914841|8.413636|home|382|manchester_city|2|3.011730|0.754802|7.478122|away
367466|306|hull_city|1|2.557514|0.796102|7.823799|home|381|norwich_city|0|4.771378|0.859556|7.187018|away
367467|376|southampton|1|7.586334|1.400127|11.400512|home|366|sunderland|1|4.979021|0.746696|7.387061|away
367468|367|tottenham_hotspur|1|4.249357|0.651829|8.237720|home|318|swansea_city|0|3.555245|1.088622|8.740330|away
367469|368|everton|0|3.458503|0.737558|8.094349|home|383|west_bromwich_albion|0|4.038538|0.665478|8.418466|away
367470|361|newcastle_united|0|3.676374|0.535625|6.955098|home|371|west_ham_united|0|3.779878|0.784074|9.350585|away
367471|359|arsenal|1|2.500851|0.772849|6.727002|home|362|aston_villa|3|2.775555|0.560974|5.099457|away
367472|371|west_ham_united|2|3.779878|0.784074|9.350585|home|347|cardiff_city|0|5.052908|1.568838|7.746306|away
367473|381|norwich_city|2|4.514532|1.015448|7.264459|home|368|everton|2|3.458503|0.737558|8.094349|away
367474|366|sunderland|0|5.164679|0.788414|6.020467|home|370|fulham|1|3.027554|0.745692|10.025601|away
367475|363|chelsea|2|5.093392|0.773391|8.733865|home|306|hull_city|0|2.557514|0.796102|7.823799|away
367476|318|swansea_city|1|3.733928|1.087387|9.075400|home|360|manchester_united|4|2.935930|0.778698|6.722518|away
367477|382|manchester_city|4|3.036035|0.761747|7.596673|home|361|newcastle_united|0|3.730729|0.617965|7.870325|away
367478|383|west_bromwich_albion|0|4.195525|0.717402|8.431423|home|376|southampton|1|7.145643|1.300118|10.657618|away
367479|364|liverpool|1|3.478907|0.676378|7.114879|home|336|stoke_city|0|3.464334|0.804235|7.916425|away
369163|370|fulham|2|2.143587|0.491630|6.750012|home|384|crystal_palace|2|8.609080|1.050191|8.507889|away
369164|384|crystal_palace|3|9.113625|1.040789|8.245465|home|364|liverpool|3|3.391732|0.607317|8.215522|away
369165|384|crystal_palace|0|8.609080|1.050191|8.507889|home|382|manchester_city|2|3.134946|0.682754|6.845905|away
369166|371|west_ham_united|0|3.695496|1.036696|11.614960|home|384|crystal_palace|1|8.549556|1.033524|8.593603|away
369167|384|crystal_palace|1|8.609080|1.050191|8.507889|home|362|aston_villa|0|2.531512|0.742856|6.015335|away
369168|347|cardiff_city|0|5.549705|1.886990|8.537739|home|384|crystal_palace|3|8.609080|1.050191|8.507889|away
369169|384|crystal_palace|1|9.010049|1.087407|8.428482|home|363|chelsea|0|3.038290|0.680396|8.215166|away
369170|361|newcastle_united|1|3.873923|0.547226|7.415066|home|384|crystal_palace|0|8.398167|1.018246|7.990825|away
369171|366|sunderland|0|6.749255|0.555181|6.599490|home|384|crystal_palace|0|8.078845|1.043929|9.065026|away
369172|384|crystal_palace|0|8.043074|1.099397|8.515010|home|376|southampton|1|5.612208|0.992435|11.159253|away
369173|318|swansea_city|1|3.460974|1.176717|8.107146|home|384|crystal_palace|1|8.549913|1.117135|8.500667|away
369174|384|crystal_palace|0|8.593247|1.072691|8.656222|home|360|manchester_united|2|3.326335|1.051351|8.381530|away
369175|368|everton|2|3.104360|0.689786|5.659075|home|384|crystal_palace|3|9.206265|1.109728|9.262240|away
369176|384|crystal_palace|3|8.530216|1.060569|8.477434|home|383|west_bromwich_albion|1|4.418556|0.722773|7.965895|away
369177|359|arsenal|2|2.851203|0.788931|7.147462|home|384|crystal_palace|0|7.552303|0.865581|7.389909|away
369178|384|crystal_palace|1|6.766901|1.172004|7.493823|home|306|hull_city|0|2.545854|0.849080|8.041161|away
369179|384|crystal_palace|1|7.114861|1.174874|7.194681|home|336|stoke_city|0|1.793117|0.587105|6.541225|away
369180|367|tottenham_hotspur|2|5.074652|0.836215|8.468984|home|384|crystal_palace|0|7.186290|1.226822|7.681694|away
369181|384|crystal_palace|1|6.984982|1.206145|8.041803|home|381|norwich_city|1|5.308566|0.902146|7.392302|away
369182|382|manchester_city|1|2.775348|0.682878|6.228077|home|384|crystal_palace|0|7.436290|1.262537|8.288837|away
369183|362|aston_villa|0|2.773184|0.553927|5.035717|home|384|crystal_palace|1|7.920400|1.321193|8.371495|away
369184|384|crystal_palace|0|7.436290|1.262537|8.288837|home|361|newcastle_united|3|3.885030|0.623552|8.288932|away
369185|363|chelsea|2|5.214424|0.927227|9.295109|home|384|crystal_palace|1|7.745492|1.257091|7.655072|away
369186|384|crystal_palace|2|7.065405|1.318315|7.671433|home|347|cardiff_city|0|5.569773|1.755527|8.316651|away
369187|384|crystal_palace|1|7.065405|1.318315|7.671433|home|371|west_ham_united|0|3.815832|0.860109|9.703453|away
369188|381|norwich_city|1|4.104551|0.940428|6.622928|home|384|crystal_palace|0|7.065405|1.318315|7.671433|away
369189|306|hull_city|0|2.417044|0.722286|6.826377|home|384|crystal_palace|1|6.522759|1.328539|7.910179|away
369190|384|crystal_palace|0|6.503331|1.307101|7.882940|home|368|everton|0|3.255461|0.615997|6.664322|away
369191|383|west_bromwich_albion|2|2.598387|0.840691|8.985688|home|384|crystal_palace|0|6.504954|1.135023|7.902827|away
369192|384|crystal_palace|0|6.422365|1.248862|7.652827|home|359|arsenal|2|2.481692|0.683193|7.169345|away
369193|384|crystal_palace|1|7.079689|1.336286|8.354682|home|370|fulham|4|2.852771|0.561759|7.265610|away
369194|364|liverpool|3|3.773338|0.678831|8.859997|home|384|crystal_palace|1|7.610165|1.432817|9.325363|away
369195|376|southampton|2|7.075065|1.330731|11.065781|home|384|crystal_palace|0|7.490681|1.427132|7.739539|away
369196|384|crystal_palace|0|6.201942|1.402747|7.907113|home|318|swansea_city|2|3.807261|1.061514|8.912067|away
369197|360|manchester_united|2|3.829111|0.888370|8.106968|home|384|crystal_palace|0|6.206109|1.366289|7.599821|away
369198|384|crystal_palace|3|6.966746|1.329125|7.168933|home|366|sunderland|1|4.694246|0.679782|5.612397|away
369199|336|stoke_city|2|3.464334|0.804235|7.916425|home|384|crystal_palace|1|6.966746|1.329125|7.168933|away
369200|384|crystal_palace|0|7.986667|1.495090|7.285052|home|367|tottenham_hotspur|1|4.276506|0.737801|8.264869|away
