MatchID|Team1ID|Team1|score_t1|mu_rel_suc_t1|std_rel_suc_t1|med_rel_suc_t1|HAteam01|Team2ID|Team2|score_t2|mu_rel_suc_t2|std_rel_suc_t2|med_rel_suc_t2|HAteam02
367138|381|norwich_city|0|3.0|5.06816283379|0.0|home|359|arsenal|2|8.64052287582|9.98077523224|4.0|away
367139|367|tottenham_hotspur|3|1.6862745098|4.46111828097|0.0|home|362|aston_villa|0|3.45098039216|5.42560038721|0.0|away
367140|347|cardiff_city|1|0.0|0.0|0.0|home|363|chelsea|2|4.71895424837|10.2392666687|0.0|away
367141|306|hull_city|0|0.111111111111|0.980566433312|0.0|home|368|everton|2|7.56862745098|17.0557581199|0.0|away
367142|376|southampton|1|3.18954248366|3.99959415259|0.0|home|360|manchester_united|1|11.0588235294|13.8007460697|9.0|away
367143|364|liverpool|2|5.76470588235|9.60308005184|0.0|home|361|newcastle_united|1|5.6862745098|8.18213468178|3.0|away
367144|383|west_bromwich_albion|1|4.9477124183|9.12426259868|0.0|home|336|stoke_city|2|7.52941176471|12.6196541512|0.0|away
367145|366|sunderland|1|1.43137254902|4.1108253483|0.0|home|318|swansea_city|3|2.88888888889|5.53250118424|0.0|away
367146|382|manchester_city|2|12.9346405229|14.4740801474|9.0|home|371|west_ham_united|0|5.99346405229|8.21484128953|4.0|away
367147|361|newcastle_united|3|4.47712418301|7.81157593108|1.0|home|347|cardiff_city|0|0.0653594771242|0.805805752022|0.0|away
367148|336|stoke_city|4|5.50326797386|9.98700082101|0.0|home|370|fulham|1|1.83006535948|4.19740170123|0.0|away
367149|362|aston_villa|3|3.96732026144|5.89385223145|0.0|home|306|hull_city|1|0.176470588235|1.26345127009|0.0|away
367150|368|everton|2|7.51633986928|16.7363658588|0.0|home|382|manchester_city|3|12.9346405229|14.4740801474|9.0|away
367151|363|chelsea|0|6.07189542484|16.5233463572|0.0|home|381|norwich_city|0|3.53594771242|5.25807955174|0.0|away
367152|318|swansea_city|0|4.25490196078|6.38680155796|0.0|home|376|southampton|1|3.23529411765|4.02242846995|0.0|away
367153|360|manchester_united|0|14.3267973856|17.0254826562|10.0|home|366|sunderland|1|1.69934640523|4.30243124355|0.0|away
367154|371|west_ham_united|2|5.67973856209|8.28389538849|3.0|home|367|tottenham_hotspur|0|3.2614379085|7.73226094815|0.0|away
367155|359|arsenal|1|7.73202614379|9.11868478645|4.0|home|383|west_bromwich_albion|0|4.58823529412|9.03770562862|0.0|away
367156|318|swansea_city|4|4.83006535948|7.04030492662|0.0|home|362|aston_villa|1|3.39215686275|5.79523727612|0.0|away
367157|366|sunderland|4|2.47712418301|5.40646546774|0.0|home|347|cardiff_city|0|0.0653594771242|0.805805752022|0.0|away
367158|364|liverpool|0|4.83006535948|9.42586543567|0.0|home|363|chelsea|2|4.94117647059|13.4447478844|0.0|away
367159|376|southampton|2|2.66013071895|3.79914575657|0.0|home|368|everton|0|3.81699346405|12.7819510762|0.0|away
367160|370|fulham|2|2.16993464052|4.38325818123|0.0|home|306|hull_city|2|0.176470588235|1.26345127009|0.0|away
367161|359|arsenal|3|8.2091503268|9.48659432184|4.0|home|361|newcastle_united|0|5.13071895425|7.84464582442|2.0|away
367162|360|manchester_united|4|16.6405228758|15.3450996539|12.0|home|381|norwich_city|0|1.97385620915|3.96545163863|0.0|away
367163|336|stoke_city|0|7.35294117647|12.4530336427|0.0|home|367|tottenham_hotspur|1|3.28104575163|7.644432821|0.0|away
367164|383|west_bromwich_albion|1|5.85620915033|9.64495079436|0.0|home|371|west_ham_united|0|4.85620915033|7.2422311774|2.0|away
367165|306|hull_city|0|0.176470588235|1.26345127009|0.0|home|359|arsenal|3|8.07843137255|8.9847579079|5.0|away
367166|367|tottenham_hotspur|3|1.7385620915|4.46302345104|0.0|home|370|fulham|1|1.99346405229|4.45675917898|0.0|away
367167|381|norwich_city|2|2.54901960784|4.4013384424|0.0|home|364|liverpool|3|4.23529411765|9.04149093053|0.0|away
367168|368|everton|2|5.81699346405|14.4775859706|0.0|home|360|manchester_united|0|14.8169934641|17.2658709441|9.0|away
367169|362|aston_villa|0|3.39215686275|5.79523727612|0.0|home|376|southampton|0|3.18954248366|3.99959415259|0.0|away
367170|347|cardiff_city|1|0.0653594771242|0.805805752022|0.0|home|336|stoke_city|1|7.35294117647|12.4530336427|0.0|away
367171|363|chelsea|1|7.66013071895|15.9980241422|0.0|home|366|sunderland|2|1.2091503268|3.64190138297|0.0|away
367172|361|newcastle_united|1|5.01307189542|8.09016745919|2.0|home|318|swansea_city|2|4.28104575163|6.636655505|0.0|away
367173|382|manchester_city|3|14.3725490196|15.4322819076|11.0|home|383|west_bromwich_albion|1|6.86928104575|9.77103416397|0.0|away
367174|376|southampton|0|3.47712418301|4.12086190509|0.0|home|347|cardiff_city|1|0.0|0.0|0.0|away
367175|318|swansea_city|0|4.35294117647|6.64257469202|0.0|home|363|chelsea|1|8.88235294118|15.9962990722|0.0|away
367176|366|sunderland|0|3.04575163399|5.92473475789|0.0|home|368|everton|1|5.81699346405|14.4775859706|0.0|away
367177|360|manchester_united|3|6.00653594771|11.6621821813|0.0|home|306|hull_city|1|0.248366013072|1.53512702313|0.0|away
367178|364|liverpool|3|5.35947712418|9.20969535954|0.0|home|382|manchester_city|2|13.2091503268|14.7256628044|9.0|away
367179|336|stoke_city|1|7.35294117647|12.4530336427|0.0|home|361|newcastle_united|0|4.92810457516|6.97718464409|2.0|away
367180|370|fulham|1|2.16993464052|4.38325818123|0.0|home|381|norwich_city|0|3.57516339869|5.21648068385|0.0|away
367181|383|west_bromwich_albion|3|6.20261437908|8.61626329478|0.0|home|367|tottenham_hotspur|3|1.53594771242|4.29626094282|0.0|away
367182|359|arsenal|3|9.24836601307|9.72986847123|9.0|home|371|west_ham_united|1|4.46405228758|7.70962062916|0.0|away
367183|368|everton|3|5.81699346405|14.4775859706|0.0|home|359|arsenal|0|6.83006535948|8.74384253911|1.0|away
367184|362|aston_villa|1|2.13725490196|3.93585632531|0.0|home|370|fulham|2|2.24836601307|4.3780215273|0.0|away
367185|371|west_ham_united|1|4.41176470588|7.69477321266|0.0|home|364|liverpool|2|4.11111111111|7.97098952006|0.0|away
367186|361|newcastle_united|0|5.7385620915|7.71703085731|2.0|home|360|manchester_united|4|8.22222222222|9.65971502727|6.0|away
367187|382|manchester_city|4|11.3529411765|15.2304607873|1.0|home|376|southampton|1|3.70588235294|4.39084364121|0.0|away
367188|363|chelsea|3|9.07843137255|19.0494812898|0.0|home|336|stoke_city|0|8.60784313725|13.1055221081|0.0|away
367189|367|tottenham_hotspur|5|1.96078431373|4.72772707614|0.0|home|366|sunderland|1|3.07189542484|5.92447518446|0.0|away
367190|306|hull_city|1|0.111111111111|0.980566433312|0.0|home|318|swansea_city|0|6.11764705882|6.91398240044|5.0|away
367191|381|norwich_city|0|2.74509803922|4.88365208324|0.0|home|383|west_bromwich_albion|1|4.97385620915|8.85315771177|0.0|away
367192|360|manchester_united|4|14.1111111111|18.1044737026|8.0|home|362|aston_villa|1|3.56209150327|5.98563647339|0.0|away
367193|383|west_bromwich_albion|3|3.96078431373|7.73742484136|0.0|home|347|cardiff_city|3|0.0653594771242|0.805805752022|0.0|away
367194|370|fulham|1|2.13071895425|4.30335453657|0.0|home|368|everton|3|4.11111111111|11.3883070153|0.0|away
367195|336|stoke_city|1|5.90196078431|11.2143492964|0.0|home|306|hull_city|0|0.176470588235|1.26345127009|0.0|away
367196|359|arsenal|1|7.42483660131|9.39384641473|1.0|home|382|manchester_city|1|11.3529411765|14.6642023724|1.0|away
367197|376|southampton|4|3.6862745098|3.9745441441|3.0|home|361|newcastle_united|0|5.77124183007|7.57316964407|2.0|away
367198|318|swansea_city|3|5.6862745098|6.98595284132|1.0|home|381|norwich_city|0|3.26797385621|5.04620032547|0.0|away
367199|364|liverpool|4|5.35947712418|9.20969535954|0.0|home|367|tottenham_hotspur|0|3.95424836601|7.61091396372|0.0|away
367200|366|sunderland|1|2.12418300654|5.04660665315|0.0|home|371|west_ham_united|2|4.86928104575|7.74655125497|2.0|away
367201|363|chelsea|6|6.03921568627|15.7761640147|0.0|home|359|arsenal|0|8.88235294118|9.68115288904|8.0|away
367202|382|manchester_city|5|8.46405228758|12.421795174|0.0|home|370|fulham|0|1.95424836601|4.45065886182|0.0|away
367203|347|cardiff_city|3|0.0653594771242|0.805805752022|0.0|home|364|liverpool|6|5.35947712418|9.20969535954|0.0|away
367204|371|west_ham_united|0|5.45751633987|7.83822286123|3.0|home|360|manchester_united|2|12.5490196078|14.619774046|9.0|away
367205|367|tottenham_hotspur|3|2.92156862745|7.31595928669|0.0|home|376|southampton|2|4.02614379085|4.06474997007|4.0|away
367206|362|aston_villa|1|3.45098039216|5.32222025574|0.0|home|336|stoke_city|4|5.30065359477|10.5762620918|0.0|away
367207|381|norwich_city|2|2.74509803922|4.88365208324|0.0|home|366|sunderland|0|1.28104575163|3.83730828239|0.0|away
367208|368|everton|3|4.11111111111|11.3883070153|0.0|home|318|swansea_city|2|6.06535947712|6.81662059778|5.0|away
367209|306|hull_city|2|0.176470588235|1.26345127009|0.0|home|383|west_bromwich_albion|0|3.33986928105|6.96223557242|0.0|away
367210|367|tottenham_hotspur|0|3.71241830065|6.27649750651|0.0|home|359|arsenal|1|9.21568627451|9.43705751781|8.0|away
367211|368|everton|2|4.11111111111|11.3883070153|0.0|home|347|cardiff_city|1|0.0653594771242|0.805805752022|0.0|away
367212|362|aston_villa|1|4.16993464052|5.46024353604|2.0|home|363|chelsea|0|9.09803921569|18.3587220659|0.0|away
367213|360|manchester_united|0|12.6928104575|14.8501363501|10.0|home|364|liverpool|3|5.35947712418|9.20969535954|0.0|away
367214|306|hull_city|0|0.176470588235|1.26345127009|0.0|home|382|manchester_city|2|11.954248366|14.4761872843|6.0|away
367215|370|fulham|1|1.97385620915|4.3234392513|0.0|home|361|newcastle_united|0|5.15032679739|8.01205891943|2.0|away
367216|376|southampton|4|4.91503267974|4.29614162267|5.0|home|381|norwich_city|2|3.74509803922|5.29832802801|0.0|away
367217|318|swansea_city|1|5.25490196078|6.46916205317|1.0|home|383|west_bromwich_albion|2|4.97385620915|8.85315771177|0.0|away
367218|336|stoke_city|3|6.17647058824|11.3541433208|0.0|home|371|west_ham_united|1|5.45751633987|7.83822286123|3.0|away
367219|382|manchester_city|4|13.2549019608|15.3744246555|8.0|home|362|aston_villa|0|2.64052287582|4.3785191323|0.0|away
367220|361|newcastle_united|0|6.95424836601|8.1724388319|4.0|home|368|everton|3|4.11111111111|11.3883070153|0.0|away
367221|347|cardiff_city|3|0.0653594771242|0.805805752022|0.0|home|370|fulham|1|2.11111111111|4.56264393531|0.0|away
367222|371|west_ham_united|2|4.58169934641|8.09794162427|0.0|home|306|hull_city|1|0.176470588235|1.26345127009|0.0|away
367223|383|west_bromwich_albion|0|6.05882352941|9.00488995271|0.0|home|360|manchester_united|3|14.8823529412|19.2903312082|10.0|away
367224|381|norwich_city|1|3.23529411765|5.13066483465|0.0|home|336|stoke_city|1|8.01307189542|13.2457845943|0.0|away
367225|364|liverpool|2|5.35947712418|9.20969535954|0.0|home|366|sunderland|1|2.09803921569|6.49158802679|0.0|away
367226|359|arsenal|2|7.42483660131|9.39384641473|1.0|home|318|swansea_city|2|5.6862745098|6.98595284132|1.0|away
367227|363|chelsea|4|7.93464052288|18.2329419618|0.0|home|367|tottenham_hotspur|0|4.56862745098|8.43643259015|0.0|away
367228|336|stoke_city|1|7.69934640523|12.441804383|0.0|home|359|arsenal|0|9.39869281046|9.89179356793|9.0|away
367229|367|tottenham_hotspur|1|3.58823529412|7.60248446815|0.0|home|347|cardiff_city|0|0.0653594771242|0.805805752022|0.0|away
367230|370|fulham|1|3.42483660131|6.65753571797|0.0|home|363|chelsea|3|13.3660130719|20.8438801959|7.0|away
367231|376|southampton|0|3.82352941176|4.10502266409|3.0|home|364|liverpool|3|4.11764705882|7.77623426218|0.0|away
367232|360|manchester_united|0|14.6339869281|15.1479637468|11.0|home|382|manchester_city|3|11.3529411765|14.6642023724|1.0|away
367233|306|hull_city|1|0.176470588235|1.26345127009|0.0|home|361|newcastle_united|4|4.28758169935|6.66830685962|2.0|away
367234|362|aston_villa|4|3.45098039216|5.32222025574|0.0|home|381|norwich_city|1|4.04575163399|5.30425882569|0.0|away
367235|366|sunderland|2|1.69934640523|4.30243124355|0.0|home|383|west_bromwich_albion|0|5.39869281046|9.39012126526|0.0|away
367236|368|everton|1|6.15032679739|14.6420342357|0.0|home|371|west_ham_united|0|5.45751633987|7.83822286123|3.0|away
367237|361|newcastle_united|1|5.76470588235|8.05922903421|3.0|home|362|aston_villa|0|3.45098039216|5.32222025574|0.0|away
367238|363|chelsea|1|9.77777777778|19.4990270319|0.0|home|368|everton|0|8.73202614379|17.0895398715|0.0|away
367239|383|west_bromwich_albion|1|7.16339869281|9.98721896712|0.0|home|370|fulham|1|1.90196078431|4.36828245197|0.0|away
367240|347|cardiff_city|0|0.0653594771242|0.805805752022|0.0|home|306|hull_city|4|0.176470588235|1.26345127009|0.0|away
367241|371|west_ham_united|3|5.74509803922|8.01267738316|3.0|home|376|southampton|1|5.16339869281|4.40062015288|6.0|away
367242|382|manchester_city|1|11.3529411765|14.6642023724|1.0|home|336|stoke_city|0|8.60784313725|13.1055221081|0.0|away
367243|359|arsenal|4|8.30718954248|9.33212950622|5.0|home|366|sunderland|1|1.77777777778|4.97605012036|0.0|away
367244|364|liverpool|4|4.11764705882|7.77623426218|0.0|home|318|swansea_city|3|4.29411764706|6.61537361094|0.0|away
367245|381|norwich_city|1|3.16993464052|5.1637130706|0.0|home|367|tottenham_hotspur|0|2.61437908497|7.19306509068|0.0|away
367246|370|fulham|2|2.26797385621|5.36267240952|0.0|home|364|liverpool|3|3.88235294118|7.45175434577|0.0|away
367247|382|manchester_city|2|12.0065359477|14.0905088958|6.0|home|366|sunderland|2|1.2091503268|3.64190138297|0.0|away
367248|361|newcastle_united|0|6.51633986928|7.17758363691|5.0|home|367|tottenham_hotspur|4|3.58823529412|8.17738745036|0.0|away
367249|383|west_bromwich_albion|1|6.39869281046|9.08301573057|0.0|home|363|chelsea|1|9.84967320261|17.3215537809|0.0|away
367250|347|cardiff_city|0|0.0653594771242|0.805805752022|0.0|home|362|aston_villa|0|3.45098039216|5.32222025574|0.0|away
367251|359|arsenal|0|9.71241830065|9.56004293658|9.0|home|360|manchester_united|0|12.2745098039|15.0368763679|9.0|away
367252|371|west_ham_united|2|5.49019607843|8.13860135329|2.0|home|381|norwich_city|0|3.04575163399|5.1757855888|0.0|away
367253|306|hull_city|0|0.130718954248|1.13582661418|0.0|home|376|southampton|1|4.77777777778|4.48122039608|4.0|away
367254|336|stoke_city|1|5.81045751634|10.998961112|0.0|home|318|swansea_city|1|4.28758169935|6.63588304787|0.0|away
367255|364|liverpool|5|2.91503267974|6.02711488922|0.0|home|359|arsenal|1|9.71241830065|9.56004293658|9.0|away
367256|318|swansea_city|3|4.62745098039|6.54884348712|0.0|home|347|cardiff_city|0|0.0653594771242|0.805805752022|0.0|away
367257|367|tottenham_hotspur|1|6.05882352941|10.6680362443|0.0|home|368|everton|0|8.73202614379|17.0895398715|0.0|away
367258|360|manchester_united|2|18.4967320261|21.030051384|12.0|home|370|fulham|2|1.62745098039|4.24553953236|0.0|away
367259|366|sunderland|0|2.47712418301|5.40646546774|0.0|home|306|hull_city|2|0.176470588235|1.26345127009|0.0|away
367260|381|norwich_city|0|2.48366013072|4.92307435585|0.0|home|382|manchester_city|0|12.0196078431|15.5494028586|0.0|away
367261|363|chelsea|3|8.92156862745|17.1046488394|0.0|home|361|newcastle_united|0|4.54901960784|6.89410203215|2.0|away
367262|376|southampton|2|4.88235294118|4.50553933062|4.0|home|336|stoke_city|2|7.43790849673|12.7821516009|0.0|away
367263|362|aston_villa|0|4.06535947712|6.00726488568|0.0|home|371|west_ham_united|2|5.07189542484|8.27082799687|0.0|away
367264|368|everton|2|9.43137254902|16.9619970098|0.0|home|362|aston_villa|1|3.09803921569|4.84365322329|0.0|away
367265|382|manchester_city|0|8.58169934641|12.8620708947|0.0|home|363|chelsea|1|9.65359477124|19.5081080048|0.0|away
367266|383|west_bromwich_albion|1|6.32026143791|8.52344218015|0.0|home|364|liverpool|1|2.91503267974|6.02711488922|0.0|away
367267|336|stoke_city|2|6.25490196078|11.3065019248|0.0|home|360|manchester_united|1|16.2875816993|15.1892949931|15.0|away
367268|347|cardiff_city|2|0.0653594771242|0.805805752022|0.0|home|381|norwich_city|1|2.18300653595|4.02676975017|0.0|away
367269|370|fulham|0|2.25490196078|5.88509739899|0.0|home|376|southampton|3|5.19607843137|4.47660413945|5.0|away
367270|361|newcastle_united|0|5.24836601307|7.0398316284|3.0|home|366|sunderland|3|2.16993464052|5.28877322429|0.0|away
367271|371|west_ham_united|2|4.91503267974|8.05532155727|0.0|home|318|swansea_city|0|3.82352941176|5.82772015318|0.0|away
367272|306|hull_city|1|0.111111111111|0.980566433312|0.0|home|367|tottenham_hotspur|1|3.82352941176|8.30710983542|0.0|away
367273|367|tottenham_hotspur|1|5.33986928105|10.4869438894|0.0|home|382|manchester_city|5|9.44444444444|13.4746864534|0.0|away
367274|363|chelsea|0|9.49019607843|19.561906976|0.0|home|371|west_ham_united|0|4.94117647059|7.71742387689|1.0|away
367275|364|liverpool|4|2.53594771242|5.93320791208|0.0|home|368|everton|0|7.35947712418|16.2507372901|0.0|away
367276|376|southampton|2|4.40522875817|4.43462005284|4.0|home|359|arsenal|2|8.30065359477|9.05111481042|5.0|away
367277|360|manchester_united|2|15.7908496732|15.8413926216|13.0|home|347|cardiff_city|0|0.0|0.0|0.0|away
367278|318|swansea_city|2|4.30718954248|6.26879505549|0.0|home|370|fulham|0|4.25490196078|9.48237402486|0.0|away
367279|381|norwich_city|0|2.78431372549|4.42651130201|0.0|home|361|newcastle_united|0|4.91503267974|7.23548600155|2.0|away
367280|366|sunderland|1|2.45098039216|6.89599786982|0.0|home|336|stoke_city|0|5.81045751634|10.998961112|0.0|away
367281|362|aston_villa|4|3.09803921569|4.84365322329|0.0|home|383|west_bromwich_albion|3|7.54248366013|10.2057185867|0.0|away
367282|364|liverpool|2|4.41176470588|8.17738745036|0.0|home|362|aston_villa|2|3.14379084967|5.75015578153|0.0|away
367283|382|manchester_city|4|11.3464052288|13.8277547275|6.0|home|347|cardiff_city|2|0.0|0.0|0.0|away
367284|383|west_bromwich_albion|1|5.21568627451|8.72749481269|0.0|home|368|everton|1|9.59477124183|16.2015241389|0.0|away
367285|359|arsenal|2|7.79738562092|9.01731049648|4.0|home|370|fulham|0|6.19607843137|10.2937628324|2.0|away
367286|381|norwich_city|1|3.04575163399|4.81601341561|0.0|home|306|hull_city|0|0.130718954248|1.13582661418|0.0|away
367287|363|chelsea|3|11.8366013072|19.651691712|6.0|home|360|manchester_united|1|17.8169934641|15.1663705675|14.0|away
367288|371|west_ham_united|1|3.28104575163|6.22923480266|0.0|home|361|newcastle_united|3|7.6339869281|7.9588415372|5.0|away
367289|366|sunderland|2|1.59477124183|6.03847999367|0.0|home|376|southampton|2|5.86928104575|4.17852087921|7.0|away
367290|318|swansea_city|1|3.16339869281|5.59581720111|0.0|home|367|tottenham_hotspur|3|5.33986928105|10.4869438894|0.0|away
367291|362|aston_villa|1|4.01960784314|5.96884130405|0.0|home|359|arsenal|2|7.79738562092|9.01731049648|4.0|away
367292|306|hull_city|0|0.202614379085|1.43421986776|0.0|home|363|chelsea|2|10.2483660131|13.7912926237|8.0|away
367293|336|stoke_city|3|7.96732026144|11.5743791322|0.0|home|364|liverpool|5|3.43790849673|7.94328759695|0.0|away
367294|361|newcastle_united|0|5.78431372549|6.3162216476|4.0|home|382|manchester_city|2|13.2549019608|15.3744246555|8.0|away
367295|368|everton|2|10.0588235294|15.5097419498|1.0|home|381|norwich_city|0|2.66013071895|4.79264605328|0.0|away
367296|370|fulham|1|5.50326797386|7.55729676659|3.0|home|366|sunderland|4|2.02614379085|4.95066868451|0.0|away
367297|360|manchester_united|2|13.4575163399|16.0725426274|9.0|home|318|swansea_city|0|2.61437908497|5.52253160547|0.0|away
367298|376|southampton|1|5.86928104575|4.17852087921|7.0|home|383|west_bromwich_albion|0|6.96078431373|9.60043732183|0.0|away
367299|347|cardiff_city|0|0.0|0.0|0.0|home|371|west_ham_united|2|4.20261437908|6.94456055266|2.0|away
367300|366|sunderland|0|1.20261437908|3.88117541175|0.0|home|362|aston_villa|1|4.14379084967|6.17015619409|0.0|away
367301|359|arsenal|2|10.8366013072|11.1528052782|10.0|home|347|cardiff_city|0|0.0|0.0|0.0|away
367302|376|southampton|0|5.13725490196|4.32058278496|5.0|home|363|chelsea|3|8.3660130719|13.9188834134|0.0|away
367303|336|stoke_city|1|7.18954248366|11.6100878122|0.0|home|368|everton|1|7.0|13.3362741855|0.0|away
367304|364|liverpool|2|4.96078431373|9.46260776901|0.0|home|306|hull_city|0|0.202614379085|1.43421986776|0.0|away
367305|318|swansea_city|2|2.96732026144|5.04414278933|0.0|home|382|manchester_city|3|10.7385620915|13.1396576998|5.0|away
367306|383|west_bromwich_albion|1|7.08496732026|9.63106881072|0.0|home|361|newcastle_united|0|8.75163398693|8.43140801533|5.0|away
367307|360|manchester_united|1|18.0|16.9982698081|11.0|home|367|tottenham_hotspur|2|2.44444444444|7.64651134848|0.0|away
367308|370|fulham|2|4.0|5.72690017557|0.0|home|371|west_ham_united|1|3.6339869281|7.22807854125|1.0|away
367309|361|newcastle_united|0|7.92156862745|7.97506687477|5.0|home|359|arsenal|1|11.2287581699|11.0415121229|10.0|away
367310|306|hull_city|6|0.202614379085|1.43421986776|0.0|home|370|fulham|0|3.45751633987|5.44369507354|0.0|away
367311|363|chelsea|2|14.0326797386|20.9373226811|8.0|home|364|liverpool|1|3.59477124183|7.67002305771|0.0|away
367312|381|norwich_city|0|2.44444444444|4.6384143235|0.0|home|360|manchester_united|1|15.7908496732|16.2104838161|11.0|away
367313|368|everton|2|7.11111111111|12.8706767883|1.0|home|376|southampton|1|4.32026143791|4.29417236165|4.0|away
367314|367|tottenham_hotspur|3|1.76470588235|6.85495356018|0.0|home|336|stoke_city|0|6.53594771242|11.2940646937|0.0|away
367315|347|cardiff_city|2|0.0|0.0|0.0|home|366|sunderland|2|0.934640522876|3.73933901155|0.0|away
367316|362|aston_villa|1|3.50326797386|5.92890800272|0.0|home|318|swansea_city|1|3.27450980392|5.51555766842|0.0|away
367317|371|west_ham_united|3|4.33986928105|7.66723220309|2.0|home|383|west_bromwich_albion|3|5.87581699346|9.10025515798|0.0|away
367318|371|west_ham_united|1|5.07843137255|6.69653057354|3.0|home|359|arsenal|3|9.62745098039|10.4561845557|8.0|away
367319|381|norwich_city|1|2.23529411765|4.36229343333|0.0|home|370|fulham|2|3.70588235294|6.01944816803|0.0|away
367320|382|manchester_city|2|12.3725490196|13.7792504577|8.0|home|364|liverpool|1|3.59477124183|7.67002305771|0.0|away
367321|306|hull_city|2|0.202614379085|1.43421986776|0.0|home|360|manchester_united|3|18.1830065359|15.3684329335|14.0|away
367322|347|cardiff_city|0|0.0|0.0|0.0|home|376|southampton|3|4.75163398693|4.07492097963|4.0|away
367323|361|newcastle_united|5|8.39869281046|8.3473136607|5.0|home|336|stoke_city|1|6.75163398693|11.7869325261|0.0|away
367324|368|everton|0|7.18954248366|12.08237069|0.0|home|366|sunderland|1|0.705882352941|2.78389944446|0.0|away
367325|363|chelsea|1|14.660130719|20.856548132|9.0|home|318|swansea_city|0|3.46405228758|5.77126773693|0.0|away
367326|367|tottenham_hotspur|1|1.7908496732|4.94763902865|0.0|home|383|west_bromwich_albion|1|6.43137254902|9.04365932204|0.0|away
367327|336|stoke_city|2|9.07189542484|12.6821909898|2.0|home|362|aston_villa|1|3.01960784314|4.85404027958|0.0|away
367328|364|liverpool|3|4.0522875817|7.65667793427|0.0|home|347|cardiff_city|1|0.0|0.0|0.0|away
367329|359|arsenal|0|11.6993464052|11.0885237543|11.0|home|363|chelsea|0|14.660130719|20.856548132|9.0|away
367330|318|swansea_city|1|2.8954248366|5.03213646164|0.0|home|368|everton|2|6.97385620915|11.9546789661|0.0|away
367331|383|west_bromwich_albion|1|7.08496732026|9.63106881072|0.0|home|306|hull_city|1|0.202614379085|1.43421986776|0.0|away
367332|370|fulham|2|5.07189542484|6.75055512136|2.0|home|382|manchester_city|4|7.98692810458|11.9475908519|0.0|away
367333|366|sunderland|0|1.48366013072|3.96076274288|0.0|home|381|norwich_city|0|2.2091503268|4.20185703541|0.0|away
367334|376|southampton|2|3.59477124183|4.09437348427|2.0|home|367|tottenham_hotspur|3|3.38562091503|7.98620066647|0.0|away
367335|360|manchester_united|3|16.3006535948|16.211464098|12.0|home|371|west_ham_united|1|4.77124183007|6.86327417817|3.0|away
367336|382|manchester_city|6|13.2091503268|14.7256628044|9.0|home|359|arsenal|3|11.0588235294|11.669319191|8.0|away
367337|368|everton|4|7.78431372549|13.0178063956|1.0|home|370|fulham|1|5.58823529412|6.54849123147|3.0|away
367338|367|tottenham_hotspur|0|4.87581699346|10.3370140576|0.0|home|364|liverpool|5|4.0522875817|7.65667793427|0.0|away
367339|362|aston_villa|0|3.45751633987|5.56833593394|0.0|home|360|manchester_united|3|16.5620915033|17.5807493001|12.0|away
367340|361|newcastle_united|1|7.56209150327|7.82807922697|5.0|home|376|southampton|1|3.50326797386|4.04730876937|2.0|away
367341|306|hull_city|0|0.202614379085|1.43421986776|0.0|home|336|stoke_city|0|7.17647058824|11.6681330435|0.0|away
367342|371|west_ham_united|0|4.77124183007|6.86327417817|3.0|home|366|sunderland|0|1.51633986928|4.42970450801|0.0|away
367343|381|norwich_city|1|2.65359477124|4.87399429739|0.0|home|318|swansea_city|1|5.07189542484|6.42208665941|1.0|away
367344|347|cardiff_city|1|0.0|0.0|0.0|home|383|west_bromwich_albion|0|6.54901960784|9.33399239723|0.0|away
367345|370|fulham|2|5.43137254902|6.49963770321|3.0|home|362|aston_villa|0|4.72549019608|6.12103978321|2.0|away
367346|336|stoke_city|3|9.07189542484|12.6821909898|2.0|home|363|chelsea|2|13.9803921569|21.3015911487|6.0|away
367347|359|arsenal|1|11.3660130719|10.2980115055|10.0|home|368|everton|1|7.0522875817|12.0020645553|0.0|away
367348|318|swansea_city|1|3.3660130719|4.91862092632|0.0|home|306|hull_city|1|0.202614379085|1.43421986776|0.0|away
367349|376|southampton|1|2.8431372549|3.81109087887|0.0|home|382|manchester_city|1|13.045751634|15.1848479128|8.0|away
367350|360|manchester_united|0|17.9477124183|15.3400628241|15.0|home|361|newcastle_united|1|10.4967320261|9.09867776288|7.0|away
367351|383|west_bromwich_albion|0|4.96323529412|8.02331903618|0.0|home|381|norwich_city|2|2.65359477124|4.87399429739|0.0|away
367352|366|sunderland|1|1.71895424837|4.59959861326|0.0|home|367|tottenham_hotspur|2|4.87581699346|10.3370140576|0.0|away
367353|364|liverpool|4|4.11111111111|8.00208759981|0.0|home|371|west_ham_united|1|5.70588235294|8.1183100989|4.0|away
367354|370|fulham|1|5.22222222222|6.63740856414|1.0|home|367|tottenham_hotspur|2|5.44444444444|10.3947503649|0.0|away
367355|383|west_bromwich_albion|2|5.37908496732|8.14011814077|0.0|home|382|manchester_city|3|11.2418300654|14.4013553029|4.0|away
367356|364|liverpool|5|4.82352941176|9.14738981811|0.0|home|381|norwich_city|1|2.65359477124|4.87399429739|0.0|away
367357|376|southampton|2|2.90849673203|4.03636974851|0.0|home|362|aston_villa|3|4.01960784314|5.96884130405|0.0|away
367358|336|stoke_city|0|8.41176470588|12.2349170379|0.0|home|347|cardiff_city|0|0.0|0.0|0.0|away
367359|366|sunderland|3|1.48366013072|3.96076274288|0.0|home|363|chelsea|4|14.2549019608|21.4346641894|7.0|away
367360|360|manchester_united|0|15.660130719|15.2105756977|11.0|home|368|everton|1|7.0522875817|12.0020645553|0.0|away
367361|359|arsenal|2|11.3660130719|10.2980115055|10.0|home|306|hull_city|0|0.202614379085|1.43421986776|0.0|away
367362|318|swansea_city|3|4.7908496732|6.31178335195|0.0|home|361|newcastle_united|0|6.47058823529|7.83494670372|3.0|away
367363|347|cardiff_city|0|0.0|0.0|0.0|home|359|arsenal|3|11.5163398693|11.5679886091|9.0|away
367364|371|west_ham_united|3|5.8431372549|7.38052343031|4.0|home|370|fulham|0|2.88235294118|5.74278880178|0.0|away
367365|306|hull_city|3|0.202614379085|1.43421986776|0.0|home|364|liverpool|1|4.82352941176|9.14738981811|0.0|away
367366|367|tottenham_hotspur|2|5.52941176471|10.5086698247|0.0|home|360|manchester_united|2|18.862745098|14.5602461839|16.0|away
367367|363|chelsea|3|15.2287581699|21.0655673367|8.0|home|376|southampton|1|3.8954248366|4.18550783059|3.0|away
367368|368|everton|4|7.69934640523|13.2087735585|0.0|home|336|stoke_city|0|8.6862745098|13.1608801324|1.0|away
367369|362|aston_villa|0|4.01960784314|5.96884130405|0.0|home|366|sunderland|0|1.48366013072|3.96076274288|0.0|away
367370|382|manchester_city|3|10.614379085|13.5217685461|5.0|home|318|swansea_city|0|3.86928104575|5.72312452993|0.0|away
367371|361|newcastle_united|2|8.91503267974|7.97295076827|6.0|home|383|west_bromwich_albion|1|6.98692810458|9.19220110483|0.0|away
367372|383|west_bromwich_albion|2|5.02614379085|8.50754967482|0.0|home|362|aston_villa|2|4.56209150327|5.6392996197|2.0|away
367373|371|west_ham_united|0|5.8431372549|7.38052343031|4.0|home|363|chelsea|3|13.5098039216|21.285828741|6.0|away
367374|368|everton|3|8.6339869281|14.8833159361|0.0|home|364|liverpool|3|5.35947712418|9.20969535954|0.0|away
367375|347|cardiff_city|2|0.0|0.0|0.0|home|360|manchester_united|2|18.5947712418|18.1004596441|13.0|away
367376|361|newcastle_united|2|8.32679738562|8.11101894372|5.0|home|381|norwich_city|1|2.53594771242|4.82372424638|0.0|away
367377|359|arsenal|2|12.6993464052|11.7657334337|11.0|home|376|southampton|0|3.91503267974|4.39837717016|2.0|away
367378|336|stoke_city|2|8.67973856209|13.2253735111|1.0|home|366|sunderland|0|1.78431372549|6.52791009052|0.0|away
367379|370|fulham|1|2.38562091503|4.78576891331|0.0|home|318|swansea_city|2|4.35294117647|6.48625554209|0.0|away
367380|382|manchester_city|6|7.24836601307|12.3072225172|0.0|home|367|tottenham_hotspur|0|7.03267973856|10.6509800713|4.0|away
367381|360|manchester_united|1|17.5359477124|17.7292735084|12.0|home|359|arsenal|0|8.42483660131|9.95525467085|4.0|away
367382|362|aston_villa|2|1.83006535948|3.51428615586|0.0|home|347|cardiff_city|0|0.0|0.0|0.0|away
367383|364|liverpool|4|6.0|9.34173291505|1.0|home|370|fulham|0|2.92810457516|5.03076102971|0.0|away
367384|376|southampton|4|3.82352941176|4.46645836075|0.0|home|306|hull_city|1|0.130718954248|1.13582661418|0.0|away
367385|366|sunderland|1|2.30718954248|6.88968258255|0.0|home|382|manchester_city|0|11.2222222222|13.8418812344|5.0|away
367386|367|tottenham_hotspur|0|5.88235294118|10.7514651237|0.0|home|361|newcastle_united|1|8.91503267974|7.97295076827|6.0|away
367387|318|swansea_city|3|3.81699346405|6.32397441477|0.0|home|336|stoke_city|3|9.49019607843|13.0264274604|3.0|away
367388|363|chelsea|2|13.4836601307|20.76954299|7.0|home|383|west_bromwich_albion|2|5.95424836601|8.70679988884|0.0|away
367389|381|norwich_city|3|3.80392156863|5.16658295129|0.0|home|371|west_ham_united|1|4.69281045752|6.42328387676|3.0|away
367390|371|west_ham_united|0|4.43790849673|6.48762528974|0.0|home|362|aston_villa|0|2.91503267974|4.51279620347|0.0|away
367391|361|newcastle_united|2|6.56862745098|6.7560330878|4.0|home|363|chelsea|0|14.660130719|20.856548132|9.0|away
367392|359|arsenal|2|9.71241830065|10.4046703959|8.0|home|364|liverpool|0|4.9477124183|8.7856023409|0.0|away
367393|370|fulham|1|3.64705882353|5.3388091843|0.0|home|360|manchester_united|3|14.7516339869|13.8588972605|12.0|away
367394|382|manchester_city|7|10.1568627451|13.7475453053|2.0|home|381|norwich_city|0|3.77124183007|5.23499627885|0.0|away
367395|336|stoke_city|1|9.49019607843|13.0264274604|3.0|home|376|southampton|1|4.45751633987|4.35512908959|4.0|away
367396|306|hull_city|1|0.202614379085|1.43421986776|0.0|home|366|sunderland|0|2.49673202614|4.97592134603|0.0|away
367397|347|cardiff_city|1|0.0|0.0|0.0|home|318|swansea_city|0|4.64052287582|6.90042565618|0.0|away
367398|368|everton|0|7.11764705882|13.3244780282|0.0|home|367|tottenham_hotspur|0|5.98039215686|10.4946114952|0.0|away
367399|381|norwich_city|0|2.73202614379|4.46922159289|0.0|home|347|cardiff_city|0|0.0|0.0|0.0|away
367400|362|aston_villa|0|3.45098039216|5.5718024641|0.0|home|368|everton|2|7.11764705882|13.3244780282|0.0|away
367401|376|southampton|2|4.18954248366|4.24225805267|3.0|home|370|fulham|0|5.01307189542|6.30176542139|2.0|away
367402|367|tottenham_hotspur|1|5.9477124183|10.2164744886|0.0|home|306|hull_city|0|0.0653594771242|0.805805752022|0.0|away
367403|363|chelsea|2|14.660130719|20.856548132|9.0|home|382|manchester_city|1|8.65359477124|12.4350970002|0.0|away
367404|366|sunderland|2|2.30718954248|4.91533687002|0.0|home|361|newcastle_united|1|6.91503267974|7.50245947683|4.0|away
367405|360|manchester_united|3|16.6535947712|15.4810954762|14.0|home|336|stoke_city|2|10.4705882353|13.453409716|5.0|away
367406|364|liverpool|4|5.57516339869|9.43480748577|0.0|home|383|west_bromwich_albion|1|5.84967320261|9.40780599389|0.0|away
367407|318|swansea_city|0|5.1045751634|6.83241351886|0.0|home|371|west_ham_united|0|5.71241830065|7.76423272694|4.0|away
367408|363|chelsea|4|10.9673202614|17.0491094972|7.0|home|347|cardiff_city|1|0.0|0.0|0.0|away
367409|368|everton|2|6.56862745098|13.777297185|0.0|home|306|hull_city|1|0.202614379085|1.43421986776|0.0|away
367410|361|newcastle_united|2|7.47058823529|7.49994232965|5.0|home|364|liverpool|2|4.55555555556|8.0203082829|0.0|away
367411|371|west_ham_united|1|5.04575163399|7.89170149839|2.0|home|382|manchester_city|3|13.2026143791|13.9102442511|9.0|away
367412|359|arsenal|4|11.4379084967|10.0844992457|10.0|home|381|norwich_city|1|4.50326797386|5.22578346755|2.0|away
367413|360|manchester_united|1|17.1830065359|18.6198425007|14.0|home|376|southampton|1|4.32679738562|4.54293974294|3.0|away
367414|318|swansea_city|4|3.91503267974|6.14311635847|0.0|home|366|sunderland|0|2.92810457516|5.35181183072|0.0|away
367415|362|aston_villa|0|3.76470588235|5.64617367791|0.0|home|367|tottenham_hotspur|2|5.9477124183|10.2164744886|0.0|away
367416|336|stoke_city|0|10.9673202614|14.3765505788|4.0|home|383|west_bromwich_albion|0|5.82352941176|8.92680303243|0.0|away
367417|383|west_bromwich_albion|1|7.13071895425|9.23880195559|0.0|home|359|arsenal|1|7.93464052288|9.21328481203|4.0|away
367418|306|hull_city|0|0.130718954248|1.13582661418|0.0|home|362|aston_villa|0|3.03921568627|5.17899522511|0.0|away
367419|381|norwich_city|1|3.11111111111|4.62524411022|0.0|home|363|chelsea|3|12.1176470588|19.7318432057|6.0|away
367420|382|manchester_city|3|15.9803921569|14.9738205481|16.0|home|368|everton|1|8.04575163399|14.0476964684|1.0|away
367421|366|sunderland|1|2.61437908497|5.35549828395|0.0|home|360|manchester_united|2|19.0718954248|16.3683516465|15.0|away
367422|347|cardiff_city|1|0.0|0.0|0.0|home|361|newcastle_united|2|8.06535947712|8.26574409986|5.0|away
367423|370|fulham|1|5.33333333333|6.68331255192|2.0|home|336|stoke_city|0|9.49019607843|13.0264274604|3.0|away
367424|376|southampton|2|4.62091503268|4.72374966816|4.0|home|318|swansea_city|0|4.67320261438|6.89115191464|0.0|away
367425|367|tottenham_hotspur|0|4.0522875817|7.85055749211|0.0|home|371|west_ham_united|3|4.37254901961|6.27671529866|2.0|away
367426|318|swansea_city|1|3.03921568627|5.51869354737|0.0|home|359|arsenal|2|8.06535947712|9.56551076068|3.0|away
367427|370|fulham|1|4.77777777778|5.86027082537|2.0|home|347|cardiff_city|2|0.0|0.0|0.0|away
367428|367|tottenham_hotspur|1|4.0522875817|7.85055749211|0.0|home|363|chelsea|1|16.1437908497|20.845343456|11.0|away
367429|366|sunderland|1|2.41830065359|5.13811132245|0.0|home|364|liverpool|3|4.81045751634|8.88690866063|0.0|away
367430|362|aston_villa|3|2.2614379085|3.93371756487|0.0|home|382|manchester_city|2|11.4836601307|14.1486527108|6.0|away
367431|368|everton|3|7.2614379085|14.1614275165|0.0|home|361|newcastle_united|2|6.44117647059|6.66395561947|4.5|away
367432|336|stoke_city|0|9.67320261438|12.6298898848|4.0|home|381|norwich_city|1|3.47712418301|5.15521814113|0.0|away
367433|360|manchester_united|1|18.6339869281|17.9628344103|12.0|home|383|west_bromwich_albion|2|4.23529411765|6.54672966892|0.0|away
367434|306|hull_city|1|0.202614379085|1.43421986776|0.0|home|371|west_ham_united|0|5.26797385621|7.50686529876|3.0|away
367435|381|norwich_city|0|3.90196078431|4.88396697473|0.0|home|362|aston_villa|1|2.70588235294|5.08089122045|0.0|away
367436|371|west_ham_united|2|5.58823529412|7.58527073874|4.0|home|368|everton|3|8.01307189542|14.0517190947|0.0|away
367437|363|chelsea|2|13.1307189542|21.4980445411|2.0|home|370|fulham|0|4.37254901961|6.2589881545|0.0|away
367438|361|newcastle_united|2|6.92156862745|7.04934003471|5.0|home|306|hull_city|3|0.202614379085|1.43421986776|0.0|away
367439|382|manchester_city|4|12.3986928105|14.7773629517|7.0|home|360|manchester_united|1|18.4379084967|17.242912749|11.0|away
367440|364|liverpool|0|4.33986928105|8.56208651399|0.0|home|376|southampton|1|4.40522875817|4.39613304303|4.0|away
367441|359|arsenal|3|5.90196078431|8.9250801105|0.0|home|336|stoke_city|1|10.7516339869|13.0375430971|5.0|away
367442|383|west_bromwich_albion|3|3.98039215686|7.69302424723|0.0|home|366|sunderland|0|1.30065359477|3.63728866793|0.0|away
367443|347|cardiff_city|0|0.0|0.0|0.0|home|367|tottenham_hotspur|1|2.98039215686|5.34492684547|0.0|away
367444|366|sunderland|1|1.28758169935|3.41406778751|0.0|home|359|arsenal|3|7.83660130719|11.0686848599|1.0|away
367445|306|hull_city|1|0.130718954248|1.13582661418|0.0|home|347|cardiff_city|1|0.0|0.0|0.0|away
367446|368|everton|1|10.1241830065|14.7295089799|5.0|home|363|chelsea|0|15.3071895425|21.2665256144|8.0|away
367447|318|swansea_city|2|4.65359477124|6.73719580679|0.0|home|364|liverpool|2|3.39215686275|7.27358484686|0.0|away
367448|336|stoke_city|0|10.7516339869|13.0375430971|5.0|home|382|manchester_city|0|9.54901960784|12.6268420265|4.0|away
367449|362|aston_villa|1|2.96732026144|5.49202428322|0.0|home|361|newcastle_united|2|6.73202614379|6.64408581273|5.0|away
367450|367|tottenham_hotspur|2|5.42483660131|8.10123270734|1.0|home|381|norwich_city|0|3.25490196078|4.7534362002|0.0|away
367451|370|fulham|1|5.83006535948|6.55673165999|4.0|home|383|west_bromwich_albion|1|5.8954248366|8.21378038532|0.0|away
367452|376|southampton|0|4.6339869281|4.60995177266|5.0|home|371|west_ham_united|0|5.82352941176|7.45892249579|5.0|away
367453|363|chelsea|2|12.3333333333|20.9820963207|4.0|home|362|aston_villa|1|3.38562091503|5.52726360102|0.0|away
367454|347|cardiff_city|0|0.0|0.0|0.0|home|368|everton|0|10.8758169935|15.3240893966|6.0|away
367455|361|newcastle_united|1|6.59477124183|7.2782583463|5.0|home|370|fulham|0|6.82352941176|9.00190077754|4.0|away
367456|382|manchester_city|2|12.6405228758|13.7644110477|8.0|home|306|hull_city|0|0.130718954248|1.13582661418|0.0|away
367457|364|liverpool|1|6.0522875817|9.32898417553|2.0|home|360|manchester_united|0|19.8954248366|15.4112103322|16.0|away
367458|381|norwich_city|1|4.58169934641|5.48987705267|1.0|home|376|southampton|0|4.57516339869|4.47898916359|5.0|away
367459|371|west_ham_united|0|5.15032679739|7.13984606655|3.0|home|336|stoke_city|1|12.4183006536|13.0512385805|11.0|away
367460|383|west_bromwich_albion|0|9.17647058824|9.9008929729|7.0|home|318|swansea_city|2|4.54248366013|6.26014150073|0.0|away
367461|359|arsenal|1|9.14379084967|11.1539543096|4.0|home|367|tottenham_hotspur|0|4.57516339869|8.00954725284|0.0|away
367462|370|fulham|1|5.86928104575|6.79647429788|4.0|home|359|arsenal|3|8.72549019608|10.5236958232|4.0|away
367463|360|manchester_united|0|18.6405228758|16.3693537905|13.0|home|363|chelsea|0|15.1045751634|21.1252608442|8.0|away
367464|362|aston_villa|0|3.30065359477|5.54846144525|0.0|home|364|liverpool|1|4.52287581699|7.17665511626|1.0|away
367465|347|cardiff_city|3|0.0|0.0|0.0|home|382|manchester_city|2|13.1176470588|13.3033688674|9.0|away
367466|306|hull_city|1|0.130718954248|1.13582661418|0.0|home|381|norwich_city|0|3.81045751634|5.15099030264|1.0|away
367467|376|southampton|1|4.40522875817|4.39613304303|4.0|home|366|sunderland|1|3.71241830065|6.73850820617|0.0|away
367468|367|tottenham_hotspur|1|5.18954248366|8.35624429663|0.0|home|318|swansea_city|0|4.54248366013|6.26014150073|0.0|away
367469|368|everton|0|13.2026143791|16.8582554696|7.0|home|383|west_bromwich_albion|0|9.19607843137|10.0144071534|7.0|away
367470|361|newcastle_united|0|6.04575163399|6.74690911492|4.0|home|371|west_ham_united|0|4.54248366013|6.22664202886|3.0|away
367471|359|arsenal|1|11.8300653595|10.6192517551|11.0|home|362|aston_villa|3|3.78431372549|5.78587549538|0.0|away
367472|371|west_ham_united|2|4.54248366013|6.22664202886|3.0|home|347|cardiff_city|0|0.00653594771242|0.0805805752022|0.0|away
367473|381|norwich_city|2|4.46405228758|5.745161242|1.0|home|368|everton|2|13.2026143791|16.8582554696|7.0|away
367474|366|sunderland|0|2.02614379085|4.63285751883|0.0|home|370|fulham|1|6.33986928105|8.71941968949|4.0|away
367475|363|chelsea|2|11.954248366|20.0399404684|2.0|home|306|hull_city|0|0.130718954248|1.13582661418|0.0|away
367476|318|swansea_city|1|5.57516339869|6.98054515022|0.0|home|360|manchester_united|4|18.0980392157|18.6160956101|12.0|away
367477|382|manchester_city|4|15.1437908497|14.3456027289|11.0|home|361|newcastle_united|0|9.20261437908|8.54236614228|7.0|away
367478|383|west_bromwich_albion|0|10.5555555556|9.6574593669|10.0|home|376|southampton|1|4.84967320261|4.19892803287|5.0|away
367479|364|liverpool|1|4.58169934641|7.14336327946|1.0|home|336|stoke_city|0|14.3986928105|13.491386683|12.0|away
369163|370|fulham|2|1.00653594771|2.82957474351|0.0|home|384|crystal_palace|2|0.0718954248366|0.809297081943|0.0|away
369164|384|crystal_palace|3|0.00653594771242|0.0805805752022|0.0|home|364|liverpool|3|4.42483660131|8.98269418983|0.0|away
369165|384|crystal_palace|0|0.0718954248366|0.809297081943|0.0|home|382|manchester_city|2|12.7712418301|14.9379967911|8.0|away
369166|371|west_ham_united|0|4.83660130719|7.81523358772|1.0|home|384|crystal_palace|1|0.150326797386|1.25646688915|0.0|away
369167|384|crystal_palace|1|0.0718954248366|0.809297081943|0.0|home|362|aston_villa|0|3.78431372549|5.30869452888|1.0|away
369168|347|cardiff_city|0|0.0653594771242|0.805805752022|0.0|home|384|crystal_palace|3|0.0718954248366|0.809297081943|0.0|away
369169|384|crystal_palace|1|0.0653594771242|0.805805752022|0.0|home|363|chelsea|0|6.86274509804|16.1585521675|0.0|away
369170|361|newcastle_united|1|6.95424836601|8.1724388319|4.0|home|384|crystal_palace|0|0.150326797386|1.25646688915|0.0|away
369171|366|sunderland|0|2.24836601307|5.36909705746|0.0|home|384|crystal_palace|0|0.143790849673|1.25462960007|0.0|away
369172|384|crystal_palace|0|0.0718954248366|0.809297081943|0.0|home|376|southampton|1|3.82352941176|4.10502266409|3.0|away
369173|318|swansea_city|1|5.28104575163|7.01954090108|0.0|home|384|crystal_palace|1|0.0653594771242|0.805805752022|0.0|away
369174|384|crystal_palace|0|0.0718954248366|0.809297081943|0.0|home|360|manchester_united|2|15.8888888889|21.0730306705|10.0|away
369175|368|everton|2|5.81699346405|14.4775859706|0.0|home|384|crystal_palace|3|0.0653594771242|0.805805752022|0.0|away
369176|384|crystal_palace|3|0.00653594771242|0.0805805752022|0.0|home|383|west_bromwich_albion|1|6.6339869281|9.13783460998|0.0|away
369177|359|arsenal|2|8.28758169935|9.59212176915|4.0|home|384|crystal_palace|0|0.0849673202614|0.969790169464|0.0|away
369178|384|crystal_palace|1|0.00653594771242|0.0805805752022|0.0|home|306|hull_city|0|0.176470588235|1.26345127009|0.0|away
369179|384|crystal_palace|1|0.00653594771242|0.0805805752022|0.0|home|336|stoke_city|0|5.52941176471|10.207045384|0.0|away
369180|367|tottenham_hotspur|2|4.87581699346|10.5634220672|0.0|home|384|crystal_palace|0|0.00653594771242|0.0805805752022|0.0|away
369181|384|crystal_palace|1|0.104575163399|1.21086259262|0.0|home|381|norwich_city|1|2.23529411765|4.36229343333|0.0|away
369182|382|manchester_city|1|11.7712418301|13.3119911211|7.0|home|384|crystal_palace|0|0.104575163399|1.21086259262|0.0|away
369183|362|aston_villa|0|3.04575163399|5.70441850219|0.0|home|384|crystal_palace|1|0.104575163399|1.21086259262|0.0|away
369184|384|crystal_palace|0|0.104575163399|1.21086259262|0.0|home|361|newcastle_united|3|8.3137254902|8.10750526835|5.0|away
369185|363|chelsea|2|12.9019607843|19.9652523987|6.0|home|384|crystal_palace|1|0.00653594771242|0.0805805752022|0.0|away
369186|384|crystal_palace|2|0.137254901961|1.2734535593|0.0|home|347|cardiff_city|0|0.0|0.0|0.0|away
369187|384|crystal_palace|1|0.137254901961|1.2734535593|0.0|home|371|west_ham_united|0|4.69281045752|6.42328387676|3.0|away
369188|381|norwich_city|1|2.65359477124|4.87399429739|0.0|home|384|crystal_palace|0|0.137254901961|1.2734535593|0.0|away
369189|306|hull_city|0|0.202614379085|1.43421986776|0.0|home|384|crystal_palace|1|0.104575163399|1.21086259262|0.0|away
369190|384|crystal_palace|0|0.0392156862745|0.410361755617|0.0|home|368|everton|0|8.6339869281|14.8833159361|0.0|away
369191|383|west_bromwich_albion|2|7.13071895425|9.23880195559|0.0|home|384|crystal_palace|0|0.00653594771242|0.0805805752022|0.0|away
369192|384|crystal_palace|0|0.0392156862745|0.410361755617|0.0|home|359|arsenal|2|10.385620915|10.5775222169|8.0|away
369193|384|crystal_palace|1|0.0392156862745|0.410361755617|0.0|home|370|fulham|4|4.49673202614|6.48792159133|0.0|away
369194|364|liverpool|3|3.76470588235|7.57167468881|0.0|home|384|crystal_palace|1|0.130718954248|1.27157362473|0.0|away
369195|376|southampton|2|4.37254901961|4.41015221076|4.0|home|384|crystal_palace|0|0.130718954248|1.27157362473|0.0|away
369196|384|crystal_palace|0|0.137254901961|1.2734535593|0.0|home|318|swansea_city|2|4.65359477124|6.73719580679|0.0|away
369197|360|manchester_united|2|15.8235294118|18.2065554692|11.0|home|384|crystal_palace|0|0.137254901961|1.2734535593|0.0|away
369198|384|crystal_palace|3|0.00653594771242|0.0805805752022|0.0|home|366|sunderland|1|1.58169934641|3.86979991222|0.0|away
369199|336|stoke_city|2|14.3986928105|13.491386683|12.0|home|384|crystal_palace|1|0.00653594771242|0.0805805752022|0.0|away
369200|384|crystal_palace|0|0.0|0.0|0.0|home|367|tottenham_hotspur|1|6.07843137255|10.6387683029|0.0|away
